/usr/bin/python2.7 /home/vlad/git/college-2nd/self-org-sys/project/tsp_pso.py
0 91.7662167137 77.7908822454 70.0060280433 53.821108555 60.9454318856 26.5509544246 109.347049825 73.3130933379 58.001737961 75.1589455889
91.7662167137 0 75.9974479227 81.6784981662 35.0394750408 65.5568606345 58.541373986 67.377320277 58.3940425903 68.4698208392 59.0044274282
77.7908822454 75.9974479227 0 20.8373599841 31.7648072751 91.4734355668 30.9860574169 24.649647224 46.6541363136 84.9571416861 59.8307526454
70.0060280433 81.6784981662 20.8373599841 0 103.338200106 54.2702540464 72.2378776609 43.6097658469 64.0511648958 77.383938277 26.4853135173
53.821108555 35.0394750408 31.7648072751 103.338200106 0 42.3106714327 59.2692145888 48.6365181084 92.7786162682 44.4377476916 104.043080138
60.9454318856 65.5568606345 91.4734355668 54.2702540464 42.3106714327 0 15.8386390371 10.7309790327 40.1083773745 51.9734298989 38.0009723924
26.5509544246 58.541373986 30.9860574169 72.2378776609 59.2692145888 15.8386390371 0 71.0547125175 106.168596297 30.6860463185 49.7313605857
109.347049825 67.377320277 24.649647224 43.6097658469 48.6365181084 10.7309790327 71.0547125175 0 32.8463349991 45.7924371806 38.4539434827
73.3130933379 58.3940425903 46.6541363136 64.0511648958 92.7786162682 40.1083773745 106.168596297 32.8463349991 0 107.562878079 101.183411878
58.001737961 68.4698208392 84.9571416861 77.383938277 44.4377476916 51.9734298989 30.6860463185 45.7924371806 107.562878079 0 34.5391071354
75.1589455889 59.0044274282 59.8307526454 26.4853135173 104.043080138 38.0009723924 49.7313605857 38.4539434827 101.183411878 34.5391071354 0
optimal cost:  292.634708407 sol:  [8, 7, 5, 6, 0, 9, 10, 3, 2, 4, 1]
solution:  [0, 6, 5, 7, 8, 1, 4, 2, 3, 10, 9]
error:  0.392304629334
solution:  [0, 6, 5, 7, 2, 3, 10, 9, 4, 1, 8]
error:  4.86855727074
solution:  [0, 6, 5, 7, 8, 2, 3, 10, 9, 4, 1]
error:  1.32533876917
solution:  [9, 10, 3, 2, 4, 1, 8, 7, 5, 6, 0]
error:  0.392304629334
solution:  [0, 6, 5, 7, 2, 3, 10, 9, 4, 1, 8]
error:  4.86855727074
solution:  [0, 6, 5, 7, 2, 3, 10, 9, 4, 1, 8]
error:  4.86855727074
solution:  [1, 4, 2, 3, 10, 9, 0, 6, 5, 7, 8]
error:  5.68434188608e-14
solution:  [0, 6, 5, 7, 8, 1, 4, 2, 3, 10, 9]
error:  0.392304629334
solution:  [0, 6, 5, 7, 8, 2, 3, 10, 9, 4, 1]
error:  1.32533876917
solution:  [0, 6, 5, 7, 2, 3, 10, 9, 4, 1, 8]
error:  4.86855727074
Particle
	[8, 9, 2, 10, 6, 7, 1, 5, 3, 4, 0]
	[(1, 1), (1, 5), (10, 3)]
Particle
	[10, 5, 6, 0, 2, 3, 1, 9, 8, 7, 4]
	[(4, 0), (8, 3), (9, 0)]
Particle
	[4, 0, 6, 2, 8, 10, 3, 1, 9, 7, 5]
	[(8, 0), (6, 2), (9, 9)]
Particle
	[1, 0, 9, 5, 3, 7, 8, 2, 4, 10, 6]
	[(2, 3), (0, 0), (1, 10)]
Particle
	[1, 3, 7, 0, 6, 5, 4, 2, 8, 10, 9]
	[(10, 10), (0, 4), (9, 3)]
Particle
	[7, 8, 3, 2, 9, 10, 6, 5, 1, 4, 0]
	[(10, 10), (7, 3), (4, 10)]
Particle
	[8, 5, 7, 9, 3, 2, 10, 1, 0, 4, 6]
	[(7, 9), (4, 10), (5, 8)]
Particle
	[4, 5, 6, 10, 8, 1, 3, 7, 0, 9, 2]
	[(8, 1), (3, 1), (9, 4)]
Particle
	[8, 2, 1, 10, 6, 0, 7, 9, 5, 4, 3]
	[(10, 9), (10, 8), (2, 9)]
Particle
	[3, 2, 5, 4, 7, 0, 8, 1, 10, 9, 6]
	[(9, 1), (4, 7), (3, 3)]
Particle
	[2, 1, 5, 8, 7, 3, 9, 4, 10, 0, 6]
	[(8, 6), (9, 1), (0, 6)]
Particle
	[6, 7, 10, 2, 8, 1, 4, 0, 3, 5, 9]
	[(1, 1), (2, 2), (7, 4)]
Particle
	[5, 4, 7, 9, 2, 0, 1, 10, 6, 3, 8]
	[(7, 1), (4, 7), (1, 7)]
Particle
	[2, 7, 9, 8, 1, 4, 3, 5, 10, 0, 6]
	[(2, 7), (3, 7), (1, 2)]
Particle
	[10, 8, 1, 7, 0, 6, 9, 4, 5, 2, 3]
	[(8, 3), (0, 3), (9, 5)]
Particle
	[9, 1, 8, 6, 3, 4, 10, 7, 5, 0, 2]
	[(9, 7), (3, 7), (4, 0)]
Particle
	[1, 0, 3, 4, 8, 10, 5, 9, 6, 7, 2]
	[(6, 0), (9, 3), (3, 10)]
Particle
	[9, 1, 7, 6, 4, 10, 3, 0, 5, 2, 8]
	[(7, 1), (3, 0), (0, 1)]
Particle
	[3, 10, 5, 2, 6, 1, 4, 8, 0, 9, 7]
	[(3, 9), (4, 3), (8, 5)]
Particle
	[9, 6, 4, 5, 7, 0, 10, 1, 3, 2, 8]
	[(6, 0), (0, 9), (9, 4)]
Particle
	[6, 10, 3, 1, 0, 2, 8, 4, 5, 9, 7]
	[(1, 6), (5, 8), (5, 4)]
Particle
	[6, 3, 9, 0, 10, 1, 5, 8, 2, 7, 4]
	[(9, 7), (6, 2), (3, 2)]
Particle
	[5, 9, 3, 6, 7, 8, 10, 2, 4, 1, 0]
	[(9, 3), (10, 3), (6, 1)]
Particle
	[5, 3, 1, 8, 9, 6, 10, 0, 2, 7, 4]
	[(1, 3), (9, 5), (10, 6)]
Particle
	[0, 1, 9, 8, 2, 7, 10, 4, 5, 6, 3]
	[(4, 6), (2, 8), (2, 4)]
Particle
	[8, 10, 9, 6, 7, 3, 4, 1, 5, 0, 2]
	[(4, 5), (8, 7), (0, 2)]
Particle
	[10, 2, 6, 8, 1, 7, 5, 3, 4, 0, 9]
	[(0, 4), (9, 3), (2, 5)]
Particle
	[2, 3, 5, 9, 4, 10, 1, 0, 8, 7, 6]
	[(7, 7), (4, 10), (7, 6)]
Particle
	[6, 3, 9, 8, 2, 0, 7, 5, 10, 4, 1]
	[(6, 6), (4, 2), (2, 10)]
Particle
	[7, 9, 6, 0, 8, 2, 1, 10, 5, 3, 4]
	[(1, 1), (6, 5), (3, 7)]
Particle
	[3, 5, 0, 10, 4, 6, 2, 8, 7, 1, 9]
	[(2, 0), (6, 3), (4, 8)]
Particle
	[7, 1, 0, 8, 6, 10, 3, 2, 5, 9, 4]
	[(7, 2), (6, 5), (1, 6)]
Particle
	[7, 5, 1, 4, 3, 2, 0, 9, 10, 6, 8]
	[(10, 2), (8, 3), (4, 9)]
Particle
	[8, 9, 4, 2, 6, 1, 5, 10, 3, 7, 0]
	[(4, 2), (10, 5), (4, 1)]
Particle
	[9, 1, 10, 3, 7, 2, 6, 5, 4, 0, 8]
	[(4, 5), (7, 3), (7, 2)]
Particle
	[8, 3, 7, 10, 6, 2, 1, 9, 5, 0, 4]
	[(2, 1), (6, 4), (2, 10)]
Particle
	[3, 9, 10, 4, 7, 1, 0, 5, 6, 2, 8]
	[(2, 6), (10, 1), (6, 10)]
Particle
	[10, 7, 2, 8, 0, 9, 4, 6, 5, 1, 3]
	[(10, 4), (5, 3), (5, 10)]
Particle
	[1, 6, 8, 10, 9, 0, 2, 5, 7, 3, 4]
	[(8, 7), (4, 0), (2, 0)]
Particle
	[10, 3, 7, 0, 1, 8, 5, 2, 4, 9, 6]
	[(4, 4), (10, 2), (4, 6)]
Particle
	[1, 10, 5, 9, 2, 4, 3, 8, 6, 7, 0]
	[(9, 6), (1, 3), (0, 0)]
Particle
	[7, 8, 5, 0, 4, 3, 1, 9, 10, 6, 2]
	[(2, 9), (2, 10), (6, 9)]
Particle
	[3, 2, 1, 5, 6, 8, 9, 10, 7, 0, 4]
	[(8, 5), (6, 6), (8, 4)]
Particle
	[3, 6, 8, 0, 5, 4, 10, 1, 2, 7, 9]
	[(7, 4), (2, 3), (9, 4)]
Particle
	[7, 3, 2, 0, 6, 10, 5, 4, 8, 9, 1]
	[(2, 5), (7, 3), (4, 5)]
Particle
	[4, 9, 6, 2, 7, 10, 8, 1, 5, 0, 3]
	[(0, 5), (5, 8), (8, 6)]
Particle
	[2, 0, 1, 6, 10, 7, 3, 5, 4, 8, 9]
	[(9, 4), (3, 0), (5, 9)]
Particle
	[0, 2, 6, 1, 4, 10, 7, 9, 3, 5, 8]
	[(8, 3), (10, 9), (3, 9)]
Particle
	[8, 10, 7, 4, 3, 1, 5, 9, 0, 2, 6]
	[(9, 6), (9, 2), (10, 4)]
Particle
	[7, 4, 5, 10, 2, 0, 1, 9, 8, 3, 6]
	[(10, 6), (2, 2), (10, 10)]
Particle
	[8, 4, 0, 9, 10, 7, 1, 5, 6, 2, 3]
	[(5, 1), (0, 6), (8, 9)]
Particle
	[6, 0, 7, 1, 10, 2, 4, 3, 8, 5, 9]
	[(10, 0), (7, 3), (4, 6)]
Particle
	[10, 7, 8, 4, 5, 3, 2, 6, 1, 9, 0]
	[(7, 5), (8, 4), (5, 6)]
Particle
	[8, 5, 10, 4, 2, 1, 9, 3, 6, 0, 7]
	[(5, 3), (3, 4), (4, 8)]
Particle
	[3, 7, 6, 9, 4, 2, 8, 0, 10, 1, 5]
	[(5, 7), (8, 4), (9, 1)]
Particle
	[4, 0, 8, 9, 2, 10, 5, 7, 3, 6, 1]
	[(2, 5), (1, 6), (5, 3)]
Particle
	[10, 0, 3, 4, 7, 5, 6, 2, 1, 9, 8]
	[(2, 1), (0, 10), (10, 4)]
Particle
	[2, 1, 10, 5, 8, 9, 7, 3, 0, 6, 4]
	[(3, 7), (5, 10), (4, 1)]
Particle
	[4, 1, 3, 7, 0, 6, 2, 8, 9, 10, 5]
	[(10, 0), (9, 6), (5, 1)]
Particle
	[3, 1, 7, 6, 5, 0, 4, 2, 10, 9, 8]
	[(0, 7), (10, 1), (6, 3)]
Particle
	[6, 5, 2, 8, 4, 7, 1, 9, 0, 10, 3]
	[(9, 5), (10, 5), (9, 10)]
Particle
	[6, 5, 1, 9, 0, 4, 8, 10, 7, 2, 3]
	[(9, 8), (10, 3), (0, 2)]
Particle
	[8, 6, 4, 0, 10, 5, 1, 2, 7, 9, 3]
	[(6, 3), (8, 4), (1, 9)]
Particle
	[8, 2, 0, 5, 6, 7, 3, 4, 10, 9, 1]
	[(1, 3), (4, 1), (4, 6)]
Particle
	[1, 2, 4, 6, 8, 0, 3, 7, 10, 5, 9]
	[(10, 10), (7, 1), (3, 10)]
Particle
	[5, 6, 8, 3, 7, 1, 2, 10, 4, 0, 9]
	[(4, 4), (3, 5), (10, 6)]
Particle
	[1, 4, 8, 3, 0, 5, 2, 6, 10, 9, 7]
	[(10, 1), (7, 7), (4, 4)]
Particle
	[7, 5, 4, 0, 6, 2, 1, 9, 8, 3, 10]
	[(7, 3), (3, 10), (7, 0)]
Particle
	[2, 4, 5, 1, 9, 8, 7, 10, 6, 0, 3]
	[(9, 5), (3, 9), (6, 8)]
Particle
	[4, 8, 7, 0, 1, 5, 10, 2, 6, 9, 3]
	[(4, 7), (10, 7), (7, 3)]
Particle
	[1, 5, 2, 4, 10, 3, 0, 8, 6, 7, 9]
	[(4, 2), (2, 2), (7, 3)]
Particle
	[2, 4, 6, 10, 7, 9, 5, 1, 0, 8, 3]
	[(10, 7), (0, 1), (9, 10)]
Particle
	[6, 4, 2, 9, 3, 5, 10, 1, 7, 8, 0]
	[(7, 2), (3, 7), (1, 8)]
Particle
	[8, 3, 10, 5, 2, 1, 7, 9, 6, 0, 4]
	[(7, 0), (4, 4), (1, 5)]
Particle
	[4, 0, 1, 2, 8, 7, 3, 9, 10, 6, 5]
	[(0, 9), (4, 2), (1, 3)]
Particle
	[5, 10, 3, 4, 1, 9, 2, 7, 6, 8, 0]
	[(0, 7), (2, 8), (8, 2)]
Particle
	[3, 5, 0, 1, 4, 9, 8, 6, 2, 10, 7]
	[(5, 10), (4, 6), (8, 3)]
Particle
	[9, 7, 3, 0, 6, 5, 10, 1, 4, 2, 8]
	[(5, 10), (1, 5), (9, 4)]
Particle
	[7, 6, 2, 3, 10, 1, 9, 5, 8, 4, 0]
	[(7, 10), (10, 4), (9, 0)]
Particle
	[6, 8, 9, 10, 1, 2, 5, 0, 7, 4, 3]
	[(1, 9), (10, 7), (10, 1)]
Particle
	[1, 0, 8, 2, 6, 4, 9, 5, 3, 10, 7]
	[(4, 6), (0, 8), (3, 7)]
Particle
	[1, 4, 7, 6, 9, 2, 5, 10, 8, 0, 3]
	[(1, 10), (8, 1), (1, 1)]
Particle
	[1, 5, 7, 9, 10, 6, 8, 2, 0, 3, 4]
	[(6, 0), (1, 9), (8, 8)]
Particle
	[6, 3, 5, 1, 4, 8, 0, 7, 10, 2, 9]
	[(4, 3), (6, 3), (3, 7)]
Particle
	[4, 1, 6, 2, 0, 3, 5, 9, 8, 7, 10]
	[(3, 7), (5, 1), (6, 6)]
Particle
	[6, 4, 9, 8, 1, 2, 5, 3, 0, 7, 10]
	[(2, 9), (5, 8), (3, 1)]
Particle
	[6, 2, 3, 5, 10, 8, 0, 7, 1, 9, 4]
	[(3, 1), (10, 7), (9, 0)]
Particle
	[4, 0, 6, 8, 3, 2, 5, 1, 7, 9, 10]
	[(6, 10), (0, 3), (7, 9)]
Particle
	[1, 2, 5, 7, 6, 9, 4, 8, 10, 3, 0]
	[(7, 2), (1, 7), (2, 9)]
Particle
	[7, 10, 5, 9, 1, 0, 2, 8, 4, 6, 3]
	[(8, 6), (4, 4), (4, 10)]
Particle
	[6, 0, 8, 9, 4, 1, 2, 5, 7, 3, 10]
	[(1, 5), (6, 9), (3, 5)]
Particle
	[6, 7, 0, 3, 1, 8, 9, 10, 4, 5, 2]
	[(8, 1), (6, 2), (9, 1)]
Particle
	[5, 1, 4, 3, 10, 9, 8, 0, 7, 2, 6]
	[(2, 10), (0, 1), (7, 8)]
Particle
	[0, 8, 9, 2, 7, 1, 10, 3, 4, 6, 5]
	[(9, 4), (1, 5), (3, 6)]
Particle
	[3, 8, 5, 6, 9, 1, 7, 0, 2, 10, 4]
	[(10, 1), (4, 2), (5, 4)]
Particle
	[1, 5, 10, 3, 9, 6, 0, 8, 2, 7, 4]
	[(4, 8), (9, 4), (5, 7)]
Particle
	[5, 2, 8, 7, 10, 9, 1, 4, 0, 3, 6]
	[(9, 3), (1, 7), (10, 2)]
Particle
	[9, 6, 3, 8, 0, 5, 1, 10, 7, 2, 4]
	[(6, 4), (1, 2), (0, 10)]
Particle
	[9, 5, 8, 0, 3, 10, 7, 4, 6, 2, 1]
	[(2, 10), (7, 8), (5, 5)]
Particle
	[5, 10, 6, 0, 3, 9, 4, 1, 8, 2, 7]
	[(10, 1), (9, 4), (2, 8)]
Particle
	[2, 7, 4, 1, 0, 9, 6, 10, 5, 3, 8]
	[(5, 9), (8, 0), (7, 0)]
Particle
	[10, 5, 6, 3, 0, 2, 9, 8, 7, 4, 1]
	[(7, 0), (2, 3), (0, 8)]
Particle
	[1, 6, 3, 7, 8, 10, 9, 2, 4, 5, 0]
	[(3, 9), (8, 1), (7, 4)]
Particle
	[9, 4, 6, 0, 2, 5, 7, 1, 8, 3, 10]
	[(5, 2), (5, 9), (3, 2)]
Particle
	[5, 8, 1, 3, 9, 0, 7, 4, 2, 10, 6]
	[(1, 2), (8, 1), (8, 7)]
Particle
	[1, 6, 7, 9, 4, 10, 8, 0, 2, 3, 5]
	[(10, 0), (9, 3), (5, 4)]
Particle
	[0, 8, 5, 3, 4, 7, 10, 2, 9, 1, 6]
	[(10, 9), (9, 9), (2, 10)]
Particle
	[6, 10, 4, 7, 5, 8, 2, 9, 0, 1, 3]
	[(8, 0), (3, 10), (8, 8)]
Particle
	[8, 6, 5, 0, 2, 9, 3, 4, 7, 10, 1]
	[(8, 2), (2, 10), (9, 3)]
Particle
	[8, 4, 7, 9, 2, 0, 3, 5, 6, 10, 1]
	[(3, 0), (8, 9), (3, 5)]
Particle
	[1, 5, 2, 8, 0, 7, 4, 10, 6, 9, 3]
	[(7, 6), (10, 6), (3, 1)]
Particle
	[6, 4, 0, 8, 1, 3, 7, 9, 5, 10, 2]
	[(4, 3), (1, 10), (3, 1)]
Particle
	[2, 8, 4, 6, 5, 10, 1, 7, 0, 3, 9]
	[(7, 3), (2, 6), (2, 9)]
Particle
	[8, 6, 2, 0, 5, 1, 10, 4, 7, 9, 3]
	[(7, 8), (1, 3), (6, 1)]
Particle
	[5, 9, 3, 7, 6, 2, 0, 1, 10, 4, 8]
	[(3, 0), (9, 10), (8, 4)]
Particle
	[8, 5, 6, 4, 1, 7, 3, 9, 10, 0, 2]
	[(7, 1), (7, 4), (1, 8)]
Particle
	[7, 9, 10, 2, 3, 0, 6, 5, 8, 1, 4]
	[(7, 8), (10, 6), (2, 4)]
Particle
	[8, 6, 9, 10, 5, 3, 7, 0, 2, 1, 4]
	[(6, 5), (1, 4), (6, 8)]
Particle
	[5, 1, 7, 6, 0, 8, 3, 2, 4, 9, 10]
	[(10, 8), (5, 6), (1, 8)]
Particle
	[4, 5, 7, 3, 0, 10, 1, 6, 8, 9, 2]
	[(5, 1), (5, 5), (7, 2)]
Particle
	[8, 4, 0, 7, 5, 3, 9, 10, 2, 6, 1]
	[(10, 8), (4, 3), (6, 5)]
Particle
	[9, 1, 4, 6, 3, 8, 5, 0, 2, 10, 7]
	[(9, 5), (0, 5), (7, 6)]
Particle
	[9, 10, 6, 3, 7, 2, 8, 5, 4, 0, 1]
	[(8, 10), (4, 2), (4, 0)]
Particle
	[6, 4, 2, 10, 1, 8, 3, 9, 0, 7, 5]
	[(3, 0), (8, 7), (9, 3)]
Particle
	[4, 5, 10, 1, 0, 8, 2, 9, 3, 6, 7]
	[(6, 2), (8, 9), (10, 7)]
Particle
	[0, 8, 2, 5, 3, 10, 1, 6, 7, 4, 9]
	[(3, 2), (6, 2), (7, 8)]
Particle
	[8, 0, 10, 5, 2, 7, 1, 3, 9, 6, 4]
	[(10, 5), (8, 4), (4, 6)]
Particle
	[10, 5, 3, 1, 2, 9, 7, 8, 6, 4, 0]
	[(7, 7), (9, 8), (6, 3)]
Particle
	[10, 8, 3, 1, 9, 0, 7, 6, 4, 2, 5]
	[(6, 6), (2, 7), (8, 3)]
Particle
	[4, 0, 7, 5, 9, 3, 10, 1, 2, 6, 8]
	[(0, 8), (1, 9), (2, 3)]
Particle
	[10, 3, 7, 2, 5, 9, 4, 0, 8, 1, 6]
	[(3, 0), (9, 7), (2, 7)]
Particle
	[0, 6, 4, 1, 7, 10, 5, 8, 2, 9, 3]
	[(10, 6), (3, 4), (9, 5)]
Particle
	[2, 6, 3, 5, 1, 0, 10, 7, 4, 9, 8]
	[(8, 3), (10, 9), (0, 7)]
Particle
	[6, 9, 7, 0, 10, 8, 4, 1, 2, 3, 5]
	[(0, 2), (1, 8), (10, 10)]
Particle
	[1, 3, 4, 8, 2, 5, 6, 10, 0, 9, 7]
	[(10, 0), (9, 6), (3, 3)]
Particle
	[8, 6, 2, 7, 9, 1, 5, 4, 10, 0, 3]
	[(8, 0), (6, 5), (5, 7)]
Particle
	[0, 9, 4, 6, 1, 7, 3, 2, 8, 5, 10]
	[(10, 10), (8, 9), (3, 1)]
Particle
	[9, 5, 2, 0, 7, 6, 3, 4, 8, 10, 1]
	[(0, 4), (5, 9), (0, 2)]
Particle
	[7, 1, 2, 3, 4, 6, 5, 0, 9, 8, 10]
	[(8, 8), (6, 7), (10, 2)]
Particle
	[2, 3, 4, 0, 6, 9, 10, 8, 1, 7, 5]
	[(4, 4), (9, 1), (9, 10)]
Particle
	[1, 4, 9, 10, 0, 7, 8, 5, 2, 6, 3]
	[(4, 7), (2, 10), (10, 1)]
Particle
	[5, 6, 2, 10, 8, 7, 3, 9, 4, 0, 1]
	[(5, 8), (4, 1), (0, 10)]
Particle
	[10, 1, 0, 4, 2, 6, 9, 5, 8, 7, 3]
	[(4, 3), (10, 0), (1, 10)]
Particle
	[3, 1, 10, 9, 4, 2, 8, 6, 0, 5, 7]
	[(5, 3), (8, 9), (3, 10)]
Particle
	[6, 0, 4, 2, 9, 7, 8, 5, 10, 3, 1]
	[(10, 4), (1, 8), (1, 4)]
Particle
	[1, 4, 9, 7, 3, 0, 6, 8, 10, 5, 2]
	[(5, 2), (0, 2), (0, 9)]
Particle
	[1, 10, 5, 0, 4, 2, 7, 6, 9, 3, 8]
	[(6, 4), (6, 10), (4, 5)]
Particle
	[3, 2, 7, 5, 9, 1, 4, 6, 0, 10, 8]
	[(0, 7), (5, 0), (5, 4)]
Particle
	[2, 9, 3, 7, 5, 8, 4, 1, 0, 6, 10]
	[(2, 5), (6, 2), (7, 4)]
Particle
	[1, 2, 7, 10, 9, 0, 5, 3, 8, 4, 6]
	[(10, 2), (1, 8), (10, 3)]
Particle
	[9, 3, 5, 7, 10, 0, 2, 1, 4, 8, 6]
	[(4, 5), (10, 7), (7, 4)]
Particle
	[10, 2, 9, 7, 5, 8, 3, 6, 1, 4, 0]
	[(5, 8), (2, 5), (6, 5)]
Particle
	[7, 10, 0, 1, 8, 4, 2, 3, 6, 9, 5]
	[(7, 5), (1, 1), (2, 3)]
Particle
	[0, 1, 2, 3, 5, 8, 6, 7, 4, 9, 10]
	[(7, 5), (3, 4), (6, 0)]
Particle
	[4, 0, 1, 9, 2, 3, 5, 7, 10, 8, 6]
	[(0, 6), (9, 10), (1, 1)]
Particle
	[3, 8, 2, 4, 9, 1, 7, 6, 0, 5, 10]
	[(6, 9), (4, 10), (6, 0)]
Particle
	[2, 7, 9, 0, 10, 4, 6, 1, 3, 8, 5]
	[(7, 9), (6, 10), (8, 1)]
Particle
	[3, 5, 0, 7, 6, 4, 9, 2, 10, 1, 8]
	[(7, 9), (4, 6), (7, 8)]
Particle
	[2, 10, 1, 7, 0, 6, 4, 3, 9, 8, 5]
	[(0, 10), (8, 6), (7, 9)]
Particle
	[7, 4, 9, 2, 1, 0, 6, 8, 10, 3, 5]
	[(7, 6), (9, 5), (5, 2)]
Particle
	[3, 7, 9, 8, 1, 0, 4, 10, 5, 6, 2]
	[(10, 10), (10, 7), (2, 6)]
Particle
	[4, 7, 9, 0, 10, 2, 3, 8, 6, 1, 5]
	[(9, 1), (3, 0), (10, 4)]
Particle
	[2, 3, 0, 5, 8, 4, 7, 9, 6, 10, 1]
	[(1, 9), (1, 8), (2, 10)]
Particle
	[3, 7, 5, 6, 0, 8, 9, 2, 4, 10, 1]
	[(10, 0), (0, 6), (10, 3)]
Particle
	[4, 5, 1, 0, 8, 7, 10, 3, 6, 2, 9]
	[(7, 3), (4, 9), (2, 3)]
Particle
	[3, 8, 2, 5, 1, 9, 7, 4, 0, 6, 10]
	[(4, 7), (8, 9), (0, 1)]
Particle
	[8, 0, 4, 2, 5, 7, 1, 6, 9, 3, 10]
	[(10, 0), (9, 5), (10, 8)]
Particle
	[4, 7, 1, 3, 5, 8, 9, 2, 10, 0, 6]
	[(10, 10), (10, 5), (10, 7)]
Particle
	[0, 9, 5, 10, 2, 3, 4, 8, 1, 7, 6]
	[(3, 5), (3, 6), (9, 8)]
Particle
	[7, 1, 4, 8, 0, 3, 10, 5, 9, 6, 2]
	[(7, 4), (10, 3), (6, 1)]
Particle
	[7, 4, 0, 10, 2, 1, 9, 3, 6, 8, 5]
	[(8, 5), (4, 0), (10, 6)]
Particle
	[9, 2, 1, 10, 4, 3, 8, 5, 6, 0, 7]
	[(0, 4), (3, 0), (7, 7)]
Particle
	[0, 3, 4, 7, 10, 9, 8, 6, 5, 2, 1]
	[(8, 3), (6, 3), (9, 0)]
Particle
	[4, 1, 9, 2, 0, 8, 7, 6, 5, 10, 3]
	[(9, 6), (1, 9), (5, 7)]
Particle
	[0, 10, 1, 9, 8, 5, 2, 3, 7, 4, 6]
	[(6, 5), (6, 10), (4, 3)]
Particle
	[5, 4, 0, 3, 8, 2, 6, 9, 7, 10, 1]
	[(1, 8), (2, 3), (6, 4)]
Particle
	[4, 3, 6, 2, 5, 10, 8, 0, 7, 9, 1]
	[(1, 5), (7, 8), (7, 1)]
Particle
	[0, 1, 4, 10, 9, 7, 8, 6, 2, 5, 3]
	[(1, 3), (2, 4), (0, 5)]
Particle
	[10, 4, 2, 7, 3, 6, 1, 9, 5, 8, 0]
	[(2, 4), (10, 10), (0, 4)]
Particle
	[2, 0, 4, 10, 8, 6, 5, 3, 7, 1, 9]
	[(3, 3), (9, 4), (2, 7)]
Particle
	[7, 10, 9, 6, 4, 2, 1, 3, 8, 5, 0]
	[(1, 5), (8, 5), (2, 3)]
Particle
	[0, 7, 5, 3, 6, 8, 10, 9, 2, 4, 1]
	[(3, 9), (6, 3), (8, 5)]
Particle
	[4, 2, 10, 3, 8, 6, 9, 1, 0, 5, 7]
	[(1, 4), (3, 4), (4, 2)]
Particle
	[0, 6, 5, 8, 7, 2, 3, 10, 9, 4, 1]
	[(1, 9), (6, 2), (9, 0)]
Particle
	[7, 2, 8, 9, 5, 4, 10, 0, 1, 3, 6]
	[(2, 2), (1, 5), (2, 7)]
Particle
	[9, 10, 7, 6, 3, 2, 1, 0, 8, 5, 4]
	[(0, 3), (5, 8), (4, 1)]
Particle
	[8, 3, 1, 5, 4, 0, 2, 6, 10, 7, 9]
	[(2, 0), (1, 9), (9, 3)]
Particle
	[5, 6, 3, 1, 7, 8, 9, 2, 4, 0, 10]
	[(1, 8), (3, 7), (7, 8)]
Particle
	[4, 7, 3, 8, 0, 5, 10, 9, 6, 1, 2]
	[(2, 10), (10, 1), (6, 4)]
Particle
	[10, 5, 8, 2, 7, 4, 1, 9, 6, 3, 0]
	[(4, 8), (2, 7), (6, 10)]
Particle
	[1, 6, 4, 10, 2, 7, 8, 3, 5, 9, 0]
	[(3, 1), (0, 1), (3, 2)]
Particle
	[2, 1, 9, 0, 3, 8, 5, 4, 7, 10, 6]
	[(8, 8), (5, 7), (0, 4)]
Particle
	[3, 0, 10, 9, 5, 4, 1, 7, 8, 2, 6]
	[(5, 2), (3, 0), (8, 5)]
Particle
	[4, 5, 3, 6, 10, 2, 7, 1, 9, 8, 0]
	[(3, 0), (5, 1), (2, 8)]
Particle
	[7, 6, 3, 5, 4, 0, 8, 10, 1, 9, 2]
	[(0, 1), (6, 5), (1, 4)]
Particle
	[4, 6, 7, 2, 1, 3, 0, 9, 5, 8, 10]
	[(6, 9), (3, 10), (6, 4)]
Particle
	[9, 10, 7, 0, 6, 4, 8, 1, 3, 2, 5]
	[(5, 4), (7, 3), (5, 6)]
Particle
	[8, 5, 2, 1, 10, 9, 6, 4, 7, 0, 3]
	[(9, 2), (0, 3), (4, 9)]
Particle
	[4, 1, 8, 7, 9, 3, 10, 6, 5, 0, 2]
	[(4, 10), (1, 1), (8, 3)]
Particle
	[4, 2, 6, 9, 10, 1, 3, 0, 8, 7, 5]
	[(4, 1), (8, 9), (2, 8)]
Particle
	[7, 6, 0, 9, 10, 1, 3, 5, 2, 4, 8]
	[(9, 8), (8, 1), (1, 7)]
Particle
	[8, 10, 4, 9, 7, 5, 2, 3, 1, 6, 0]
	[(6, 8), (2, 1), (10, 3)]
Particle
	[7, 4, 8, 1, 3, 0, 6, 9, 10, 5, 2]
	[(10, 5), (9, 9), (2, 2)]
Particle
	[7, 10, 1, 4, 8, 6, 5, 0, 3, 2, 9]
	[(2, 10), (9, 9), (9, 0)]
Particle
	[8, 7, 6, 10, 9, 3, 1, 4, 5, 2, 0]
	[(0, 0), (7, 4), (2, 6)]
Particle
	[4, 0, 10, 5, 6, 9, 3, 7, 2, 1, 8]
	[(0, 3), (3, 5), (0, 5)]
Particle
	[7, 0, 5, 6, 8, 3, 1, 4, 9, 2, 10]
	[(2, 2), (5, 9), (9, 7)]
Particle
	[4, 9, 6, 10, 7, 0, 3, 5, 8, 1, 2]
	[(4, 10), (10, 7), (4, 8)]
Particle
	[3, 10, 2, 4, 5, 1, 7, 9, 0, 8, 6]
	[(8, 1), (9, 4), (4, 10)]
Particle
	[10, 1, 2, 4, 7, 0, 3, 5, 6, 9, 8]
	[(2, 9), (5, 7), (4, 8)]
Particle
	[0, 5, 7, 2, 9, 6, 1, 3, 10, 8, 4]
	[(8, 4), (6, 9), (5, 1)]
Particle
	[5, 10, 2, 8, 6, 4, 9, 3, 7, 1, 0]
	[(3, 8), (7, 10), (1, 6)]
Particle
	[1, 10, 5, 6, 9, 8, 3, 4, 2, 0, 7]
	[(4, 8), (9, 0), (7, 0)]
Particle
	[10, 8, 1, 4, 9, 7, 3, 0, 5, 2, 6]
	[(5, 5), (5, 2), (4, 4)]
Particle
	[8, 6, 5, 0, 2, 4, 3, 9, 1, 10, 7]
	[(10, 8), (1, 4), (5, 6)]
Particle
	[8, 7, 1, 6, 0, 5, 3, 2, 10, 9, 4]
	[(9, 1), (4, 0), (4, 3)]
Particle
	[7, 2, 6, 0, 1, 3, 8, 9, 5, 4, 10]
	[(0, 5), (3, 4), (5, 5)]
Particle
	[8, 5, 4, 0, 2, 3, 1, 10, 9, 6, 7]
	[(2, 10), (6, 5), (9, 8)]
Particle
	[0, 1, 5, 2, 8, 3, 9, 7, 4, 10, 6]
	[(6, 4), (10, 4), (8, 8)]
Particle
	[5, 10, 6, 8, 9, 1, 2, 0, 3, 7, 4]
	[(4, 0), (7, 0), (0, 4)]
Particle
	[5, 6, 3, 0, 8, 1, 10, 2, 7, 9, 4]
	[(4, 10), (4, 2), (5, 4)]
Particle
	[7, 10, 4, 0, 1, 9, 2, 6, 5, 8, 3]
	[(7, 4), (3, 4), (1, 6)]
Particle
	[7, 5, 3, 10, 2, 1, 9, 4, 6, 8, 0]
	[(9, 3), (4, 9), (5, 1)]
Particle
	[7, 5, 4, 9, 10, 6, 8, 2, 3, 0, 1]
	[(4, 1), (5, 0), (3, 4)]
Particle
	[8, 3, 4, 5, 0, 9, 10, 7, 2, 6, 1]
	[(3, 1), (3, 9), (1, 1)]
Particle
	[4, 0, 6, 1, 8, 10, 5, 7, 2, 3, 9]
	[(9, 6), (0, 3), (10, 5)]
Particle
	[9, 1, 2, 3, 4, 10, 7, 0, 6, 8, 5]
	[(8, 5), (5, 10), (0, 5)]
Particle
	[10, 3, 2, 7, 5, 1, 8, 9, 6, 0, 4]
	[(9, 8), (5, 9), (1, 6)]
Particle
	[1, 10, 7, 8, 5, 9, 4, 0, 6, 2, 3]
	[(4, 2), (8, 1), (2, 1)]
Particle
	[8, 5, 6, 2, 0, 4, 9, 10, 3, 7, 1]
	[(9, 2), (9, 0), (10, 4)]
Particle
	[4, 10, 7, 5, 0, 8, 2, 1, 3, 6, 9]
	[(8, 10), (1, 5), (6, 10)]
Particle
	[7, 8, 1, 5, 0, 9, 3, 6, 2, 4, 10]
	[(10, 9), (8, 2), (10, 6)]
Particle
	[8, 4, 7, 5, 2, 9, 3, 1, 0, 6, 10]
	[(10, 6), (2, 8), (0, 10)]
Particle
	[9, 0, 3, 10, 6, 7, 8, 1, 2, 5, 4]
	[(7, 0), (4, 6), (4, 0)]
Particle
	[4, 8, 0, 6, 3, 9, 2, 5, 1, 10, 7]
	[(8, 0), (0, 0), (8, 9)]
Particle
	[0, 4, 5, 3, 1, 9, 7, 10, 6, 2, 8]
	[(9, 10), (2, 4), (1, 9)]
Particle
	[8, 5, 6, 3, 2, 0, 7, 4, 10, 1, 9]
	[(7, 6), (1, 0), (4, 7)]
Particle
	[7, 1, 5, 8, 6, 0, 3, 2, 4, 10, 9]
	[(3, 3), (8, 1), (1, 8)]
Particle
	[2, 9, 1, 3, 0, 5, 7, 8, 6, 4, 10]
	[(5, 4), (5, 3), (4, 2)]
Particle
	[6, 2, 10, 4, 5, 7, 1, 0, 3, 8, 9]
	[(1, 6), (1, 5), (4, 0)]
Particle
	[5, 4, 9, 8, 10, 7, 2, 0, 1, 3, 6]
	[(5, 7), (4, 4), (0, 2)]
Particle
	[9, 8, 2, 4, 6, 7, 5, 1, 10, 0, 3]
	[(9, 7), (9, 2), (4, 6)]
Particle
	[1, 9, 7, 10, 4, 3, 6, 8, 5, 0, 2]
	[(5, 3), (7, 1), (10, 9)]
Particle
	[9, 0, 4, 1, 7, 3, 6, 5, 2, 8, 10]
	[(6, 9), (5, 8), (3, 10)]
Particle
	[1, 4, 2, 3, 7, 0, 10, 8, 9, 6, 5]
	[(9, 9), (3, 10), (2, 6)]
Particle
	[10, 7, 6, 2, 8, 3, 0, 9, 1, 5, 4]
	[(5, 4), (5, 10), (5, 5)]
Particle
	[3, 0, 2, 9, 6, 5, 7, 8, 1, 10, 4]
	[(5, 9), (9, 8), (10, 10)]
Particle
	[2, 4, 9, 6, 1, 3, 10, 0, 7, 8, 5]
	[(8, 0), (9, 10), (3, 1)]
Particle
	[0, 1, 9, 7, 10, 3, 5, 8, 4, 6, 2]
	[(5, 9), (9, 5), (6, 9)]
Particle
	[2, 1, 6, 4, 10, 3, 7, 5, 0, 9, 8]
	[(4, 10), (7, 2), (5, 0)]
Particle
	[8, 10, 3, 2, 1, 9, 0, 6, 4, 5, 7]
	[(7, 1), (9, 1), (9, 7)]
Particle
	[0, 4, 9, 2, 3, 7, 1, 8, 10, 5, 6]
	[(2, 3), (3, 0), (2, 7)]
Particle
	[9, 4, 7, 6, 2, 0, 3, 1, 10, 5, 8]
	[(7, 1), (3, 9), (0, 7)]
Particle
	[7, 6, 0, 8, 5, 3, 1, 10, 2, 4, 9]
	[(3, 4), (9, 10), (6, 9)]
Particle
	[2, 0, 1, 3, 4, 9, 8, 5, 7, 10, 6]
	[(9, 7), (10, 9), (0, 10)]
Particle
	[1, 7, 6, 4, 2, 0, 3, 5, 8, 9, 10]
	[(5, 3), (1, 8), (5, 5)]
Particle
	[2, 3, 6, 0, 7, 1, 8, 9, 4, 10, 5]
	[(7, 8), (0, 7), (8, 3)]
Particle
	[9, 8, 4, 7, 3, 1, 2, 0, 5, 6, 10]
	[(3, 5), (7, 6), (3, 7)]
Particle
	[6, 0, 10, 4, 5, 7, 8, 2, 1, 3, 9]
	[(9, 1), (3, 9), (0, 0)]
Particle
	[10, 8, 4, 7, 5, 2, 1, 6, 0, 3, 9]
	[(1, 3), (2, 8), (0, 4)]
Particle
	[0, 6, 4, 3, 1, 9, 5, 2, 8, 7, 10]
	[(2, 8), (8, 4), (5, 2)]
Particle
	[8, 3, 5, 1, 0, 10, 9, 6, 2, 7, 4]
	[(7, 8), (6, 10), (5, 1)]
Particle
	[8, 7, 0, 2, 6, 3, 1, 9, 5, 10, 4]
	[(8, 5), (0, 4), (3, 9)]
Particle
	[0, 4, 1, 3, 10, 9, 5, 7, 8, 6, 2]
	[(3, 1), (9, 4), (8, 8)]
Particle
	[9, 10, 8, 5, 6, 2, 3, 4, 0, 7, 1]
	[(4, 1), (2, 8), (9, 7)]
Particle
	[10, 5, 6, 1, 9, 7, 0, 2, 8, 3, 4]
	[(3, 2), (10, 1), (9, 1)]
Particle
	[0, 5, 3, 7, 9, 8, 4, 2, 6, 10, 1]
	[(9, 6), (1, 8), (7, 2)]
Particle
	[2, 5, 9, 1, 0, 7, 3, 10, 4, 8, 6]
	[(5, 5), (9, 2), (4, 8)]
Particle
	[3, 0, 6, 7, 4, 1, 8, 2, 9, 10, 5]
	[(1, 8), (10, 8), (8, 7)]
Particle
	[2, 0, 4, 10, 3, 9, 7, 6, 1, 5, 8]
	[(9, 5), (7, 0), (4, 6)]
Particle
	[4, 1, 10, 0, 7, 9, 8, 6, 3, 5, 2]
	[(8, 9), (4, 0), (1, 5)]
Particle
	[4, 8, 5, 10, 2, 6, 0, 1, 9, 3, 7]
	[(5, 2), (7, 2), (0, 10)]
Particle
	[2, 1, 9, 4, 5, 8, 10, 7, 3, 0, 6]
	[(1, 6), (10, 1), (10, 8)]
Particle
	[3, 5, 7, 10, 0, 6, 2, 8, 1, 9, 4]
	[(1, 1), (1, 3), (9, 8)]
Particle
	[4, 8, 0, 9, 6, 1, 2, 10, 5, 3, 7]
	[(6, 10), (2, 6), (8, 0)]
Particle
	[5, 2, 10, 6, 8, 9, 7, 0, 4, 1, 3]
	[(10, 4), (0, 5), (8, 6)]
Particle
	[10, 8, 0, 3, 4, 1, 5, 9, 6, 2, 7]
	[(7, 10), (5, 0), (4, 5)]
Particle
	[4, 6, 5, 0, 7, 8, 9, 1, 10, 2, 3]
	[(2, 8), (6, 5), (5, 5)]
Particle
	[0, 10, 6, 1, 8, 7, 4, 3, 5, 9, 2]
	[(9, 6), (6, 2), (4, 3)]
Particle
	[5, 0, 10, 1, 3, 7, 2, 9, 6, 4, 8]
	[(7, 9), (2, 10), (3, 5)]
Particle
	[4, 9, 3, 1, 5, 7, 6, 0, 8, 10, 2]
	[(3, 7), (1, 0), (8, 8)]
Particle
	[6, 3, 8, 0, 5, 10, 9, 4, 7, 1, 2]
	[(1, 9), (6, 9), (8, 2)]
Particle
	[0, 3, 8, 4, 1, 10, 6, 2, 5, 7, 9]
	[(1, 0), (3, 10), (3, 9)]
Particle
	[4, 2, 1, 3, 7, 9, 0, 5, 8, 10, 6]
	[(3, 8), (6, 0), (7, 0)]
Particle
	[8, 4, 10, 6, 5, 3, 7, 2, 0, 1, 9]
	[(9, 6), (7, 4), (7, 3)]
Particle
	[0, 3, 7, 10, 4, 9, 2, 5, 6, 8, 1]
	[(3, 0), (10, 9), (9, 5)]
Particle
	[4, 3, 7, 9, 5, 8, 1, 2, 10, 0, 6]
	[(0, 1), (1, 2), (0, 5)]
Particle
	[7, 9, 4, 8, 5, 6, 10, 3, 1, 0, 2]
	[(5, 5), (10, 3), (7, 2)]
Particle
	[1, 10, 7, 2, 3, 5, 9, 4, 6, 8, 0]
	[(1, 8), (5, 7), (7, 0)]
Particle
	[7, 6, 9, 5, 3, 4, 10, 0, 8, 1, 2]
	[(0, 2), (1, 3), (2, 9)]
Particle
	[3, 2, 9, 8, 5, 1, 10, 4, 6, 7, 0]
	[(8, 4), (1, 9), (6, 3)]
Particle
	[3, 2, 9, 7, 1, 6, 10, 4, 5, 0, 8]
	[(2, 8), (8, 8), (1, 6)]
Particle
	[2, 0, 10, 5, 1, 4, 6, 3, 9, 7, 8]
	[(0, 0), (7, 6), (7, 10)]
Particle
	[2, 4, 5, 9, 1, 6, 10, 8, 3, 0, 7]
	[(3, 1), (10, 2), (0, 10)]
Particle
	[8, 7, 3, 1, 2, 9, 4, 0, 5, 6, 10]
	[(0, 7), (4, 4), (3, 7)]
Particle
	[3, 7, 10, 8, 4, 2, 9, 6, 1, 0, 5]
	[(3, 8), (4, 4), (4, 7)]
Particle
	[2, 8, 3, 6, 5, 9, 4, 7, 10, 0, 1]
	[(9, 9), (8, 9), (9, 0)]
Particle
	[10, 1, 5, 0, 3, 9, 4, 7, 6, 8, 2]
	[(1, 5), (2, 10), (1, 4)]
Particle
	[4, 7, 10, 6, 1, 8, 2, 5, 0, 9, 3]
	[(6, 3), (6, 6), (1, 10)]
Particle
	[4, 5, 1, 0, 3, 9, 2, 8, 10, 6, 7]
	[(5, 5), (2, 9), (0, 5)]
Particle
	[3, 0, 2, 7, 9, 4, 1, 10, 6, 8, 5]
	[(7, 8), (10, 2), (8, 5)]
Particle
	[2, 3, 5, 0, 10, 6, 7, 1, 4, 8, 9]
	[(2, 9), (5, 1), (8, 3)]
Particle
	[1, 6, 10, 8, 5, 3, 2, 4, 7, 9, 0]
	[(10, 8), (1, 0), (1, 6)]
Particle
	[1, 0, 6, 2, 3, 4, 8, 7, 5, 10, 9]
	[(10, 1), (6, 5), (5, 10)]
Particle
	[2, 6, 7, 9, 4, 1, 0, 10, 5, 3, 8]
	[(9, 4), (1, 4), (3, 6)]
Particle
	[6, 9, 1, 2, 0, 3, 10, 4, 7, 8, 5]
	[(10, 2), (4, 9), (9, 5)]
Particle
	[5, 2, 6, 10, 4, 3, 0, 1, 8, 9, 7]
	[(5, 6), (3, 7), (8, 10)]
Particle
	[10, 5, 6, 8, 2, 9, 1, 7, 4, 0, 3]
	[(6, 1), (0, 6), (5, 9)]
Particle
	[9, 0, 7, 6, 5, 10, 3, 4, 8, 2, 1]
	[(8, 6), (3, 4), (1, 2)]
Particle
	[9, 8, 1, 2, 5, 0, 4, 7, 6, 10, 3]
	[(1, 7), (6, 4), (8, 5)]
Particle
	[10, 2, 4, 1, 7, 8, 0, 5, 9, 3, 6]
	[(10, 10), (0, 9), (5, 4)]
Particle
	[1, 0, 4, 2, 5, 3, 7, 8, 9, 10, 6]
	[(3, 1), (6, 6), (4, 2)]
Particle
	[1, 10, 0, 4, 8, 5, 9, 6, 7, 3, 2]
	[(8, 4), (2, 8), (9, 1)]
Particle
	[6, 10, 9, 1, 3, 7, 4, 5, 2, 0, 8]
	[(1, 5), (3, 10), (7, 0)]
Particle
	[10, 7, 0, 9, 6, 2, 3, 8, 4, 5, 1]
	[(9, 2), (0, 9), (3, 9)]
Particle
	[1, 9, 3, 10, 5, 7, 8, 4, 6, 0, 2]
	[(3, 6), (4, 9), (2, 2)]
Particle
	[3, 6, 10, 4, 7, 0, 8, 9, 1, 2, 5]
	[(2, 1), (1, 0), (1, 2)]
Particle
	[5, 2, 8, 6, 10, 1, 9, 0, 4, 3, 7]
	[(2, 1), (6, 0), (3, 10)]
Particle
	[1, 0, 6, 4, 9, 10, 5, 8, 2, 7, 3]
	[(3, 4), (4, 9), (7, 4)]
Particle
	[0, 2, 9, 4, 3, 7, 5, 6, 10, 1, 8]
	[(3, 3), (2, 6), (0, 6)]
Particle
	[4, 10, 6, 0, 7, 2, 3, 1, 5, 9, 8]
	[(1, 5), (0, 10), (0, 1)]
Particle
	[8, 0, 6, 9, 4, 10, 3, 2, 7, 5, 1]
	[(10, 2), (0, 4), (9, 2)]
Particle
	[0, 10, 7, 8, 6, 5, 1, 4, 9, 3, 2]
	[(6, 1), (9, 1), (0, 3)]
Particle
	[8, 5, 1, 9, 10, 7, 0, 2, 4, 6, 3]
	[(4, 10), (2, 7), (0, 9)]
Particle
	[9, 4, 6, 7, 10, 1, 5, 3, 0, 2, 8]
	[(4, 3), (1, 3), (1, 2)]
Particle
	[8, 9, 6, 5, 3, 1, 0, 10, 2, 4, 7]
	[(9, 8), (2, 2), (4, 8)]
Particle
	[7, 1, 8, 0, 10, 2, 9, 4, 6, 5, 3]
	[(10, 10), (9, 9), (0, 0)]
Particle
	[2, 7, 4, 10, 0, 1, 8, 5, 6, 3, 9]
	[(8, 3), (4, 10), (5, 7)]
Particle
	[3, 4, 9, 5, 8, 7, 0, 6, 1, 2, 10]
	[(8, 7), (9, 2), (8, 8)]
Particle
	[8, 6, 1, 7, 9, 0, 3, 4, 2, 5, 10]
	[(1, 8), (5, 4), (8, 1)]
Particle
	[4, 7, 10, 5, 3, 9, 8, 2, 0, 6, 1]
	[(1, 2), (1, 9), (4, 3)]
Particle
	[6, 10, 2, 0, 5, 9, 7, 3, 8, 4, 1]
	[(8, 2), (1, 10), (2, 3)]
Particle
	[3, 2, 8, 0, 9, 6, 1, 10, 4, 5, 7]
	[(8, 10), (4, 10), (0, 6)]
Particle
	[3, 9, 7, 6, 0, 2, 5, 8, 1, 4, 10]
	[(9, 5), (4, 2), (4, 3)]
Particle
	[10, 5, 4, 0, 8, 1, 3, 9, 2, 6, 7]
	[(10, 3), (5, 1), (0, 5)]
Particle
	[8, 7, 0, 5, 3, 9, 2, 4, 1, 10, 6]
	[(10, 4), (4, 2), (2, 1)]
Particle
	[10, 7, 9, 2, 0, 3, 5, 6, 1, 4, 8]
	[(2, 6), (1, 1), (7, 10)]
Particle
	[5, 7, 4, 1, 10, 9, 6, 0, 8, 2, 3]
	[(5, 2), (1, 10), (0, 6)]
Particle
	[0, 6, 7, 1, 8, 4, 10, 5, 2, 9, 3]
	[(8, 9), (10, 7), (7, 5)]
Particle
	[9, 5, 7, 2, 4, 0, 10, 1, 6, 3, 8]
	[(0, 9), (8, 9), (4, 6)]
Particle
	[10, 4, 7, 5, 9, 6, 3, 8, 2, 1, 0]
	[(7, 1), (8, 3), (5, 1)]
Particle
	[4, 3, 2, 7, 10, 0, 6, 8, 9, 1, 5]
	[(10, 5), (0, 2), (7, 8)]
Particle
	[6, 10, 7, 1, 2, 4, 8, 3, 0, 5, 9]
	[(0, 7), (1, 7), (7, 9)]
Particle
	[8, 6, 10, 7, 9, 5, 3, 0, 2, 4, 1]
	[(2, 4), (5, 8), (1, 5)]
Particle
	[2, 7, 8, 9, 3, 1, 6, 0, 10, 4, 5]
	[(4, 7), (8, 7), (8, 9)]
Particle
	[1, 5, 9, 8, 4, 3, 7, 6, 10, 2, 0]
	[(5, 4), (3, 2), (10, 2)]
Particle
	[5, 9, 2, 6, 1, 3, 10, 0, 7, 4, 8]
	[(1, 9), (0, 4), (7, 3)]
Particle
	[3, 1, 2, 5, 4, 0, 9, 7, 6, 10, 8]
	[(5, 8), (1, 7), (10, 0)]
Particle
	[10, 7, 2, 0, 5, 3, 1, 9, 4, 6, 8]
	[(2, 3), (7, 1), (3, 6)]
Particle
	[4, 2, 7, 8, 0, 6, 5, 9, 1, 10, 3]
	[(8, 2), (7, 3), (0, 0)]
Particle
	[8, 0, 2, 7, 4, 10, 3, 9, 6, 5, 1]
	[(2, 7), (2, 3), (3, 7)]
Particle
	[2, 9, 5, 1, 3, 0, 7, 4, 8, 6, 10]
	[(3, 5), (8, 8), (8, 6)]
Particle
	[9, 3, 5, 8, 6, 10, 1, 2, 7, 0, 4]
	[(0, 4), (9, 1), (2, 3)]
Particle
	[4, 0, 8, 7, 5, 3, 10, 9, 6, 2, 1]
	[(1, 4), (0, 4), (4, 2)]
Particle
	[10, 1, 6, 2, 0, 3, 4, 8, 9, 7, 5]
	[(2, 9), (3, 1), (2, 2)]
Particle
	[7, 8, 5, 0, 2, 3, 10, 6, 9, 4, 1]
	[(1, 10), (7, 0), (4, 4)]
Particle
	[10, 0, 6, 3, 8, 2, 5, 1, 9, 7, 4]
	[(0, 6), (8, 8), (5, 8)]
Particle
	[3, 7, 10, 4, 5, 1, 2, 6, 8, 9, 0]
	[(10, 5), (5, 1), (0, 3)]
Particle
	[6, 2, 7, 4, 3, 9, 10, 8, 5, 0, 1]
	[(5, 0), (6, 0), (1, 2)]
Particle
	[0, 7, 5, 6, 3, 9, 1, 4, 8, 10, 2]
	[(5, 3), (7, 7), (2, 0)]
Particle
	[4, 6, 3, 8, 9, 2, 10, 0, 5, 7, 1]
	[(8, 0), (10, 2), (2, 3)]
Particle
	[10, 5, 0, 1, 7, 8, 4, 2, 6, 3, 9]
	[(6, 7), (4, 4), (8, 10)]
Particle
	[6, 5, 2, 4, 1, 8, 3, 7, 0, 10, 9]
	[(2, 8), (7, 5), (10, 2)]
Particle
	[4, 8, 6, 0, 3, 2, 5, 1, 7, 10, 9]
	[(9, 10), (10, 1), (2, 8)]
Particle
	[5, 7, 3, 0, 6, 9, 1, 10, 2, 8, 4]
	[(2, 6), (4, 6), (3, 0)]
Particle
	[1, 4, 3, 8, 5, 6, 2, 10, 0, 9, 7]
	[(2, 1), (3, 4), (6, 5)]
Particle
	[3, 1, 10, 0, 7, 8, 2, 6, 9, 5, 4]
	[(3, 5), (3, 7), (6, 3)]
Particle
	[2, 7, 1, 0, 6, 3, 4, 10, 9, 5, 8]
	[(6, 1), (4, 2), (3, 1)]
Particle
	[8, 1, 7, 4, 9, 0, 2, 5, 10, 6, 3]
	[(3, 3), (10, 7), (0, 2)]
Particle
	[2, 8, 1, 9, 7, 4, 5, 6, 3, 10, 0]
	[(2, 2), (3, 2), (6, 1)]
Particle
	[3, 6, 7, 2, 10, 1, 5, 9, 8, 4, 0]
	[(7, 5), (9, 1), (4, 5)]
Particle
	[4, 1, 10, 0, 6, 3, 7, 9, 5, 2, 8]
	[(8, 1), (6, 6), (8, 6)]
Particle
	[1, 2, 7, 4, 5, 6, 10, 3, 0, 9, 8]
	[(5, 10), (10, 2), (8, 4)]
Particle
	[9, 4, 6, 2, 10, 3, 7, 0, 8, 1, 5]
	[(1, 1), (3, 9), (7, 10)]
Particle
	[10, 0, 2, 6, 9, 5, 8, 7, 3, 1, 4]
	[(2, 7), (9, 9), (1, 8)]
Particle
	[6, 9, 8, 0, 4, 7, 10, 5, 3, 1, 2]
	[(9, 3), (4, 8), (2, 7)]
Particle
	[0, 8, 2, 10, 4, 1, 9, 7, 6, 5, 3]
	[(3, 6), (10, 5), (5, 6)]
Particle
	[7, 1, 9, 10, 4, 3, 8, 0, 2, 6, 5]
	[(4, 9), (3, 6), (8, 0)]
Particle
	[4, 9, 5, 2, 8, 1, 6, 10, 0, 3, 7]
	[(8, 8), (10, 4), (5, 3)]
Particle
	[5, 0, 1, 8, 2, 7, 4, 9, 3, 6, 10]
	[(0, 10), (1, 0), (6, 1)]
Particle
	[5, 0, 9, 1, 4, 10, 2, 3, 8, 6, 7]
	[(7, 8), (9, 6), (4, 1)]
Particle
	[10, 6, 3, 2, 7, 0, 9, 5, 1, 4, 8]
	[(3, 8), (2, 10), (4, 8)]
Particle
	[4, 9, 1, 7, 10, 5, 8, 2, 3, 6, 0]
	[(0, 4), (0, 5), (0, 7)]
Particle
	[4, 1, 3, 7, 8, 10, 0, 5, 9, 6, 2]
	[(9, 1), (4, 0), (8, 8)]
Particle
	[8, 7, 9, 2, 6, 0, 3, 10, 1, 5, 4]
	[(3, 4), (0, 3), (4, 0)]
Particle
	[4, 5, 2, 1, 6, 10, 0, 8, 3, 9, 7]
	[(10, 8), (9, 0), (3, 9)]
Particle
	[8, 2, 3, 5, 10, 0, 1, 9, 7, 6, 4]
	[(4, 4), (2, 2), (2, 7)]
Particle
	[1, 6, 4, 8, 3, 7, 2, 0, 10, 5, 9]
	[(6, 6), (0, 8), (9, 7)]
Particle
	[3, 9, 0, 6, 4, 1, 7, 8, 10, 5, 2]
	[(5, 2), (10, 0), (8, 10)]
Particle
	[2, 7, 9, 5, 1, 6, 10, 8, 3, 4, 0]
	[(6, 4), (2, 10), (0, 8)]
Particle
	[9, 6, 10, 3, 0, 5, 2, 4, 1, 7, 8]
	[(8, 1), (9, 7), (5, 5)]
Particle
	[8, 3, 10, 4, 1, 7, 2, 9, 0, 5, 6]
	[(1, 5), (5, 6), (6, 3)]
Particle
	[6, 0, 7, 4, 9, 5, 1, 2, 10, 8, 3]
	[(2, 0), (4, 2), (6, 8)]
Particle
	[0, 10, 8, 9, 4, 1, 3, 2, 6, 7, 5]
	[(5, 1), (8, 10), (9, 6)]
Particle
	[0, 2, 9, 10, 6, 1, 5, 7, 8, 4, 3]
	[(4, 10), (1, 8), (9, 0)]
Particle
	[5, 8, 7, 1, 0, 6, 4, 2, 3, 10, 9]
	[(8, 10), (10, 4), (8, 9)]
Particle
	[4, 9, 1, 7, 2, 0, 10, 3, 8, 6, 5]
	[(3, 4), (0, 4), (4, 7)]
Particle
	[0, 6, 7, 5, 10, 4, 8, 3, 9, 2, 1]
	[(9, 8), (10, 1), (4, 6)]
Particle
	[8, 1, 5, 2, 3, 7, 0, 10, 6, 9, 4]
	[(1, 8), (4, 6), (10, 8)]
Particle
	[1, 3, 2, 0, 9, 8, 7, 6, 10, 5, 4]
	[(10, 6), (5, 8), (9, 10)]
Particle
	[5, 6, 4, 2, 7, 3, 9, 8, 1, 10, 0]
	[(1, 8), (8, 7), (8, 10)]
Particle
	[6, 10, 1, 4, 9, 5, 0, 2, 8, 7, 3]
	[(9, 1), (0, 9), (8, 4)]
Particle
	[9, 1, 7, 6, 5, 2, 0, 3, 10, 4, 8]
	[(9, 6), (9, 4), (10, 2)]
Particle
	[5, 10, 3, 8, 6, 0, 4, 2, 1, 7, 9]
	[(10, 10), (10, 7), (2, 8)]
Particle
	[6, 9, 3, 0, 4, 7, 10, 1, 8, 2, 5]
	[(7, 9), (2, 0), (3, 0)]
Particle
	[4, 0, 2, 9, 3, 6, 8, 5, 10, 7, 1]
	[(2, 9), (3, 10), (4, 9)]
Particle
	[5, 10, 0, 2, 3, 9, 7, 1, 8, 6, 4]
	[(4, 8), (9, 2), (10, 2)]
Particle
	[2, 8, 7, 3, 6, 10, 5, 1, 4, 9, 0]
	[(6, 7), (1, 0), (10, 5)]
Particle
	[7, 3, 0, 1, 4, 6, 5, 2, 10, 8, 9]
	[(10, 4), (0, 1), (1, 9)]
Particle
	[3, 4, 0, 9, 5, 6, 2, 8, 1, 7, 10]
	[(5, 9), (8, 5), (1, 9)]
Particle
	[2, 8, 5, 0, 7, 10, 6, 1, 3, 9, 4]
	[(4, 9), (7, 5), (8, 2)]
Particle
	[7, 1, 0, 9, 10, 2, 5, 6, 4, 3, 8]
	[(3, 3), (0, 4), (5, 1)]
Particle
	[2, 4, 8, 9, 0, 1, 6, 3, 5, 7, 10]
	[(2, 3), (8, 3), (7, 3)]
Particle
	[1, 9, 3, 8, 4, 0, 2, 7, 10, 6, 5]
	[(2, 3), (7, 1), (10, 1)]
Particle
	[10, 3, 9, 1, 8, 6, 2, 7, 4, 5, 0]
	[(0, 10), (6, 0), (1, 6)]
Particle
	[3, 5, 4, 0, 10, 1, 9, 7, 6, 2, 8]
	[(2, 1), (5, 10), (0, 4)]
Particle
	[8, 2, 3, 10, 4, 6, 5, 1, 9, 0, 7]
	[(5, 4), (1, 7), (3, 6)]
Particle
	[4, 0, 7, 1, 6, 8, 2, 10, 9, 3, 5]
	[(1, 10), (5, 1), (9, 3)]
Particle
	[9, 7, 1, 5, 10, 4, 0, 3, 2, 6, 8]
	[(2, 10), (7, 10), (1, 1)]
Particle
	[4, 9, 1, 3, 6, 8, 5, 2, 7, 10, 0]
	[(9, 9), (4, 0), (9, 8)]
Particle
	[5, 4, 6, 2, 9, 7, 1, 0, 8, 10, 3]
	[(5, 4), (8, 2), (2, 5)]
Particle
	[4, 10, 2, 1, 0, 9, 8, 6, 5, 3, 7]
	[(5, 9), (0, 9), (7, 0)]
Particle
	[5, 1, 4, 7, 10, 8, 9, 2, 3, 6, 0]
	[(0, 9), (3, 3), (2, 8)]
Particle
	[8, 0, 2, 7, 9, 4, 6, 1, 10, 5, 3]
	[(8, 2), (7, 3), (6, 1)]
Particle
	[6, 9, 5, 1, 4, 2, 3, 0, 8, 7, 10]
	[(9, 10), (1, 2), (2, 7)]
Particle
	[1, 7, 10, 9, 4, 6, 0, 8, 3, 5, 2]
	[(5, 1), (5, 7), (3, 3)]
Particle
	[0, 6, 8, 9, 4, 2, 1, 10, 3, 7, 5]
	[(8, 3), (7, 4), (7, 3)]
Particle
	[2, 6, 0, 8, 5, 3, 4, 1, 7, 10, 9]
	[(10, 6), (1, 7), (9, 8)]
Particle
	[0, 3, 7, 2, 6, 9, 5, 8, 4, 10, 1]
	[(4, 4), (1, 9), (6, 10)]
Particle
	[4, 10, 5, 3, 9, 8, 0, 7, 1, 2, 6]
	[(2, 9), (0, 9), (8, 4)]
Particle
	[9, 3, 2, 4, 1, 10, 6, 8, 7, 0, 5]
	[(5, 9), (1, 8), (9, 2)]
Particle
	[1, 10, 5, 2, 7, 0, 4, 9, 6, 8, 3]
	[(5, 8), (2, 9), (8, 7)]
Particle
	[9, 8, 0, 6, 5, 2, 10, 1, 4, 7, 3]
	[(2, 9), (3, 6), (6, 5)]
Particle
	[0, 5, 7, 10, 6, 1, 3, 4, 8, 2, 9]
	[(7, 7), (3, 7), (5, 4)]
Particle
	[2, 6, 9, 4, 1, 5, 10, 7, 3, 0, 8]
	[(7, 2), (8, 10), (7, 3)]
Particle
	[6, 7, 1, 2, 9, 0, 5, 3, 8, 10, 4]
	[(0, 7), (0, 10), (0, 4)]
Particle
	[7, 10, 2, 4, 6, 5, 1, 3, 9, 0, 8]
	[(4, 4), (6, 3), (10, 5)]
Particle
	[3, 6, 0, 8, 10, 4, 7, 9, 1, 5, 2]
	[(3, 2), (0, 7), (8, 8)]
Particle
	[7, 9, 0, 6, 5, 2, 1, 4, 10, 8, 3]
	[(4, 4), (3, 6), (7, 9)]
Particle
	[0, 7, 8, 9, 10, 3, 1, 5, 4, 2, 6]
	[(8, 5), (6, 5), (0, 10)]
Particle
	[9, 5, 10, 1, 3, 8, 0, 6, 2, 7, 4]
	[(10, 8), (4, 4), (5, 0)]
Particle
	[1, 9, 8, 4, 10, 6, 5, 3, 0, 2, 7]
	[(3, 4), (9, 9), (8, 5)]
Particle
	[5, 7, 6, 1, 10, 4, 9, 3, 8, 0, 2]
	[(1, 10), (9, 10), (4, 7)]
Particle
	[2, 6, 0, 1, 10, 9, 5, 3, 7, 4, 8]
	[(9, 7), (7, 8), (1, 6)]
Particle
	[6, 10, 4, 1, 2, 5, 3, 0, 8, 9, 7]
	[(8, 6), (3, 8), (2, 6)]
Particle
	[1, 7, 8, 10, 0, 4, 9, 2, 5, 6, 3]
	[(3, 8), (0, 5), (9, 4)]
Particle
	[2, 10, 4, 7, 0, 5, 9, 8, 3, 6, 1]
	[(5, 3), (7, 7), (0, 2)]
Particle
	[1, 0, 5, 7, 6, 2, 3, 9, 8, 10, 4]
	[(0, 1), (5, 2), (9, 8)]
Particle
	[2, 3, 8, 6, 4, 9, 7, 0, 1, 5, 10]
	[(3, 0), (2, 1), (7, 5)]
Particle
	[1, 10, 9, 2, 5, 6, 8, 4, 3, 7, 0]
	[(8, 7), (4, 4), (1, 8)]
Particle
	[4, 5, 2, 7, 3, 8, 10, 0, 6, 9, 1]
	[(7, 4), (0, 6), (2, 9)]
Particle
	[7, 6, 2, 0, 9, 1, 8, 3, 5, 4, 10]
	[(1, 2), (4, 6), (9, 2)]
Particle
	[4, 6, 9, 10, 0, 5, 7, 3, 8, 2, 1]
	[(6, 2), (10, 8), (8, 3)]
Particle
	[8, 5, 4, 2, 3, 10, 7, 6, 0, 1, 9]
	[(6, 6), (3, 10), (6, 10)]
Particle
	[5, 10, 7, 1, 6, 3, 9, 8, 0, 2, 4]
	[(7, 0), (0, 3), (8, 4)]
Particle
	[8, 1, 2, 3, 6, 0, 10, 9, 7, 5, 4]
	[(4, 8), (6, 7), (0, 6)]
Particle
	[6, 4, 9, 7, 8, 3, 10, 2, 1, 0, 5]
	[(7, 9), (6, 0), (6, 5)]
Particle
	[5, 4, 0, 6, 8, 10, 7, 9, 2, 3, 1]
	[(3, 9), (8, 8), (1, 7)]
Particle
	[10, 1, 3, 4, 8, 6, 7, 5, 9, 0, 2]
	[(7, 4), (4, 9), (7, 8)]
Particle
	[5, 0, 7, 8, 6, 10, 9, 1, 3, 2, 4]
	[(0, 1), (5, 0), (2, 0)]
Particle
	[8, 6, 7, 0, 1, 10, 5, 9, 2, 3, 4]
	[(6, 2), (4, 0), (0, 10)]
Particle
	[4, 10, 6, 0, 1, 5, 7, 9, 3, 2, 8]
	[(1, 8), (9, 8), (2, 6)]
Particle
	[0, 3, 7, 2, 8, 6, 4, 5, 1, 9, 10]
	[(9, 3), (5, 6), (5, 8)]
Particle
	[9, 8, 5, 0, 6, 3, 1, 4, 7, 2, 10]
	[(9, 1), (2, 10), (4, 8)]
Particle
	[10, 5, 8, 4, 3, 9, 2, 1, 7, 0, 6]
	[(0, 8), (3, 8), (2, 5)]
Particle
	[9, 5, 7, 6, 8, 0, 2, 3, 4, 10, 1]
	[(8, 7), (4, 8), (10, 5)]
Particle
	[0, 8, 1, 9, 5, 4, 2, 7, 6, 3, 10]
	[(1, 2), (2, 4), (0, 1)]
Particle
	[10, 6, 1, 4, 2, 7, 8, 0, 3, 5, 9]
	[(0, 7), (9, 9), (7, 3)]
Particle
	[4, 6, 7, 8, 0, 10, 2, 3, 9, 1, 5]
	[(1, 1), (7, 4), (4, 9)]
Particle
	[10, 2, 8, 5, 3, 9, 7, 4, 0, 6, 1]
	[(4, 9), (6, 10), (1, 2)]
Particle
	[0, 4, 9, 8, 2, 10, 5, 1, 7, 3, 6]
	[(5, 2), (1, 1), (2, 3)]
Particle
	[0, 6, 4, 1, 10, 5, 3, 8, 7, 9, 2]
	[(10, 2), (7, 1), (10, 9)]
Particle
	[5, 10, 4, 3, 1, 8, 9, 7, 6, 2, 0]
	[(3, 9), (3, 1), (1, 9)]
Particle
	[9, 7, 5, 2, 6, 1, 8, 0, 10, 3, 4]
	[(6, 7), (6, 10), (2, 3)]
Particle
	[4, 9, 5, 1, 7, 6, 0, 10, 8, 3, 2]
	[(4, 5), (6, 2), (9, 5)]
Particle
	[4, 8, 2, 1, 6, 10, 0, 5, 9, 7, 3]
	[(3, 1), (4, 6), (6, 3)]
Particle
	[4, 8, 9, 3, 7, 5, 10, 2, 6, 0, 1]
	[(7, 1), (9, 10), (7, 0)]
Particle
	[1, 7, 4, 10, 6, 3, 5, 2, 8, 0, 9]
	[(0, 10), (5, 9), (10, 10)]
Particle
	[7, 0, 10, 6, 8, 5, 1, 3, 9, 4, 2]
	[(2, 6), (1, 0), (8, 7)]
Particle
	[10, 9, 1, 3, 7, 5, 0, 6, 2, 4, 8]
	[(0, 10), (8, 6), (2, 10)]
Particle
	[10, 8, 9, 4, 1, 6, 0, 2, 7, 5, 3]
	[(6, 3), (4, 10), (9, 0)]
Particle
	[0, 3, 10, 7, 9, 2, 6, 1, 8, 4, 5]
	[(10, 0), (1, 6), (8, 8)]
Particle
	[2, 3, 6, 9, 5, 10, 8, 7, 1, 4, 0]
	[(4, 6), (6, 1), (1, 5)]
Particle
	[8, 3, 4, 0, 1, 2, 6, 7, 9, 10, 5]
	[(2, 7), (0, 5), (1, 5)]
Particle
	[9, 5, 7, 0, 10, 4, 2, 8, 3, 1, 6]
	[(5, 9), (6, 3), (9, 6)]
Particle
	[7, 4, 10, 0, 3, 1, 5, 2, 6, 8, 9]
	[(9, 2), (7, 3), (6, 6)]
Particle
	[9, 2, 8, 0, 10, 6, 5, 1, 4, 3, 7]
	[(10, 7), (8, 9), (9, 9)]
Particle
	[8, 4, 1, 5, 6, 9, 2, 10, 7, 0, 3]
	[(9, 10), (8, 1), (5, 2)]
Particle
	[4, 3, 1, 0, 5, 10, 7, 6, 9, 8, 2]
	[(4, 1), (6, 3), (3, 8)]
Particle
	[3, 10, 2, 4, 1, 9, 7, 5, 0, 6, 8]
	[(2, 6), (2, 8), (2, 9)]
Particle
	[9, 3, 8, 5, 4, 0, 7, 2, 10, 6, 1]
	[(2, 9), (1, 1), (9, 3)]
Particle
	[0, 9, 4, 1, 7, 2, 10, 6, 5, 3, 8]
	[(4, 9), (6, 10), (2, 5)]
Particle
	[9, 1, 5, 7, 4, 0, 10, 6, 2, 8, 3]
	[(3, 1), (9, 4), (6, 5)]
Particle
	[3, 6, 10, 7, 4, 1, 8, 0, 2, 9, 5]
	[(2, 7), (9, 1), (10, 6)]
Particle
	[4, 0, 6, 3, 2, 9, 5, 10, 1, 7, 8]
	[(3, 1), (10, 3), (7, 9)]
Particle
	[0, 4, 7, 1, 2, 10, 3, 9, 5, 6, 8]
	[(6, 4), (4, 1), (2, 10)]
Particle
	[6, 8, 4, 2, 0, 1, 10, 9, 3, 5, 7]
	[(2, 8), (0, 6), (7, 1)]
Particle
	[0, 9, 1, 8, 6, 3, 2, 5, 10, 7, 4]
	[(7, 9), (0, 3), (3, 9)]
Particle
	[2, 9, 8, 7, 5, 10, 0, 1, 3, 6, 4]
	[(9, 8), (10, 2), (5, 3)]
Particle
	[1, 2, 3, 4, 5, 9, 0, 8, 6, 10, 7]
	[(3, 5), (10, 2), (0, 7)]
Particle
	[3, 6, 7, 8, 10, 1, 2, 4, 9, 5, 0]
	[(2, 7), (2, 8), (3, 2)]
Gbest (620.1258410087788, [1, 2, 3, 4, 5, 9, 0, 8, 6, 10, 7])
Times 961 509 139
(301.332956428542, [6, 0, 5, 8, 7, 2, 3, 10, 9, 4, 1])
[1.0, 0.9995, 0.9990000000000001, 0.9985000000000002, 0.9980000000000002, 0.9975000000000003, 0.9970000000000003, 0.9965000000000004, 0.9960000000000004, 0.9955000000000005, 0.9950000000000006, 0.9945000000000006, 0.9940000000000007, 0.9935000000000007, 0.9930000000000008, 0.9925000000000008, 0.9920000000000009, 0.9915000000000009, 0.991000000000001, 0.990500000000001, 0.9900000000000011, 0.990500000000001, 0.991000000000001, 0.9915000000000009, 0.9920000000000009, 0.9925000000000008, 0.9930000000000008, 0.9935000000000007, 0.9940000000000007, 0.9945000000000006, 0.9950000000000006, 0.9955000000000005, 0.9960000000000004, 0.9965000000000004, 0.9970000000000003, 0.9975000000000003, 0.9980000000000002, 0.9985000000000002, 0.9990000000000001, 0.9995, 1.0, 1.0005, 1.001, 1.0014999999999998, 1.0019999999999998, 1.0024999999999997, 1.0029999999999997, 1.0034999999999996, 1.0039999999999996, 1.0044999999999995, 1.0049999999999994, 1.0054999999999994, 1.0059999999999993, 1.0064999999999993, 1.0069999999999992, 1.0074999999999992, 1.0079999999999991, 1.008499999999999, 1.008999999999999, 1.009499999999999, 1.009999999999999, 1.0104999999999988, 1.0109999999999988, 1.0114999999999987, 1.0119999999999987, 1.0124999999999986, 1.0129999999999986, 1.0134999999999985, 1.0139999999999985, 1.0144999999999984, 1.0149999999999983, 1.0154999999999983, 1.0159999999999982, 1.0164999999999982, 1.0169999999999981, 1.017499999999998, 1.017999999999998, 1.018499999999998, 1.018999999999998, 1.0194999999999979, 1.0199999999999978, 1.0204999999999977, 1.0209999999999977, 1.0214999999999976, 1.0219999999999976, 1.0224999999999975, 1.0229999999999975, 1.0234999999999974, 1.0239999999999974, 1.0244999999999973, 1.0249999999999972, 1.0254999999999972, 1.0259999999999971, 1.026499999999997, 1.026999999999997, 1.027499999999997, 1.027999999999997, 1.0284999999999969, 1.0289999999999968, 1.0294999999999968]
[0.8, 0.798, 0.796, 0.794, 0.792, 0.79, 0.788, 0.786, 0.784, 0.782, 0.78, 0.778, 0.776, 0.774, 0.772, 0.77, 0.768, 0.766, 0.764, 0.762, 0.76, 0.762, 0.764, 0.766, 0.768, 0.77, 0.772, 0.774, 0.776, 0.778, 0.78, 0.782, 0.784, 0.786, 0.788, 0.79, 0.792, 0.794, 0.796, 0.798, 0.8, 0.802, 0.804, 0.806, 0.808, 0.81, 0.812, 0.8140000000000001, 0.8160000000000001, 0.8180000000000001, 0.8200000000000001, 0.8220000000000001, 0.8240000000000001, 0.8260000000000001, 0.8280000000000001, 0.8300000000000001, 0.8320000000000001, 0.8340000000000001, 0.8360000000000001, 0.8380000000000001, 0.8400000000000001, 0.8420000000000001, 0.8440000000000001, 0.8460000000000001, 0.8480000000000001, 0.8500000000000001, 0.8520000000000001, 0.8540000000000001, 0.8560000000000001, 0.8580000000000001, 0.8600000000000001, 0.8620000000000001, 0.8640000000000001, 0.8660000000000001, 0.8680000000000001, 0.8700000000000001, 0.8720000000000001, 0.8740000000000001, 0.8760000000000001, 0.8780000000000001, 0.8800000000000001, 0.8820000000000001, 0.8840000000000001, 0.8860000000000001, 0.8880000000000001, 0.8900000000000001, 0.8920000000000001, 0.8940000000000001, 0.8960000000000001, 0.8980000000000001, 0.9000000000000001, 0.9020000000000001, 0.9040000000000001, 0.9060000000000001, 0.9080000000000001, 0.9100000000000001, 0.9120000000000001, 0.9140000000000001, 0.9160000000000001, 0.9180000000000001]
[0.2, 0.202, 0.20400000000000001, 0.20600000000000002, 0.20800000000000002, 0.21000000000000002, 0.21200000000000002, 0.21400000000000002, 0.21600000000000003, 0.21800000000000003, 0.22000000000000003, 0.22200000000000003, 0.22400000000000003, 0.22600000000000003, 0.22800000000000004, 0.23000000000000004, 0.23200000000000004, 0.23400000000000004, 0.23600000000000004, 0.23800000000000004, 0.24000000000000005, 0.23800000000000004, 0.23600000000000004, 0.23400000000000004, 0.23200000000000004, 0.23000000000000004, 0.22800000000000004, 0.22600000000000003, 0.22400000000000003, 0.22200000000000003, 0.22000000000000003, 0.21800000000000003, 0.21600000000000003, 0.21400000000000002, 0.21200000000000002, 0.21000000000000002, 0.20800000000000002, 0.20600000000000002, 0.20400000000000001, 0.202, 0.2, 0.198, 0.196, 0.194, 0.192, 0.19, 0.188, 0.186, 0.184, 0.182, 0.18, 0.178, 0.176, 0.174, 0.172, 0.16999999999999998, 0.16799999999999998, 0.16599999999999998, 0.16399999999999998, 0.16199999999999998, 0.15999999999999998, 0.15799999999999997, 0.15599999999999997, 0.15399999999999997, 0.15199999999999997, 0.14999999999999997, 0.14799999999999996, 0.14599999999999996, 0.14399999999999996, 0.14199999999999996, 0.13999999999999996, 0.13799999999999996, 0.13599999999999995, 0.13399999999999995, 0.13199999999999995, 0.12999999999999995, 0.12799999999999995, 0.12599999999999995, 0.12399999999999994, 0.12199999999999994, 0.11999999999999994, 0.11799999999999994, 0.11599999999999994, 0.11399999999999993, 0.11199999999999993, 0.10999999999999993, 0.10799999999999993, 0.10599999999999993, 0.10399999999999993, 0.10199999999999992, 0.09999999999999992, 0.09799999999999992, 0.09599999999999992, 0.09399999999999992, 0.09199999999999992, 0.08999999999999991, 0.08799999999999991, 0.08599999999999991, 0.08399999999999991, 0.0819999999999999]

