/usr/bin/python2.7 /home/vlad/git/college-2nd/self-org-sys/project/tsp_pso.py
0 28.9339481586 99.8446155566 59.5354645103 74.7630220239 40.0541387765 11.0298664811 39.2823316773 27.7517949874
28.9339481586 0 31.5241018496 10.5848912926 88.4676380754 61.7230771259 96.051122646 81.3043409 109.816278615
99.8446155566 31.5241018496 0 104.338518462 10.9433416052 103.162866513 59.1820214579 42.9882576618 69.3210981165
59.5354645103 10.5848912926 104.338518462 0 37.7533157901 85.0347390444 107.234837084 57.0259973517 106.230124244
74.7630220239 88.4676380754 10.9433416052 37.7533157901 0 91.7996372625 59.6373860748 22.3633804078 18.1169492888
40.0541387765 61.7230771259 103.162866513 85.0347390444 91.7996372625 0 92.256769993 57.6037222804 68.0534007691
11.0298664811 96.051122646 59.1820214579 107.234837084 59.6373860748 92.256769993 0 47.2808389231 51.5624482963
39.2823316773 81.3043409 42.9882576618 57.0259973517 22.3633804078 57.6037222804 47.2808389231 0 101.974438831
27.7517949874 109.816278615 69.3210981165 106.230124244 18.1169492888 68.0534007691 51.5624482963 101.974438831 0
optimal cost:  214.835506708 sol:  [3, 1, 2, 4, 8, 0, 6, 7, 5]
solution:  [3, 1, 2, 4, 8, 0, 6, 7, 5]
error:  0.0
solution:  [3, 1, 2, 4, 8, 0, 6, 7, 5]
error:  0.0
solution:  [3, 1, 2, 4, 8, 0, 6, 7, 5]
error:  0.0
solution:  [3, 1, 2, 4, 8, 0, 6, 7, 5]
error:  0.0
solution:  [3, 1, 2, 4, 8, 0, 6, 7, 5]
error:  0.0
solution:  [3, 1, 2, 4, 8, 0, 6, 7, 5]
error:  0.0
solution:  [3, 1, 2, 4, 8, 0, 6, 7, 5]
error:  0.0
solution:  [3, 1, 2, 4, 8, 0, 6, 7, 5]
error:  0.0
solution:  [3, 1, 2, 4, 8, 0, 6, 7, 5]
error:  0.0
solution:  [3, 1, 2, 4, 8, 0, 6, 7, 5]
error:  0.0
Particle
	[6, 8, 5, 0, 2, 1, 3, 7, 4]
	[(7, 3), (6, 6), (7, 5)]
Particle
	[4, 5, 1, 3, 6, 2, 8, 0, 7]
	[(2, 5), (2, 3), (1, 8)]
Particle
	[8, 6, 5, 0, 7, 1, 4, 3, 2]
	[(2, 3), (8, 7), (4, 8)]
Particle
	[1, 6, 7, 5, 0, 3, 4, 8, 2]
	[(4, 6), (7, 2), (7, 5)]
Particle
	[8, 4, 2, 1, 5, 0, 6, 7, 3]
	[(5, 2), (8, 3), (5, 3)]
Particle
	[5, 1, 2, 0, 3, 6, 4, 7, 8]
	[(5, 3), (0, 3), (5, 7)]
Particle
	[3, 4, 6, 2, 1, 5, 7, 8, 0]
	[(0, 4), (5, 0), (6, 1)]
Particle
	[6, 7, 2, 5, 8, 1, 3, 0, 4]
	[(1, 2), (7, 0), (2, 2)]
Particle
	[8, 2, 4, 0, 1, 5, 6, 7, 3]
	[(5, 6), (4, 8), (2, 6)]
Particle
	[1, 8, 7, 2, 4, 3, 5, 0, 6]
	[(6, 1), (4, 7), (5, 6)]
Particle
	[8, 6, 0, 1, 4, 5, 7, 2, 3]
	[(0, 3), (0, 6), (7, 2)]
Particle
	[6, 5, 7, 2, 1, 3, 8, 0, 4]
	[(6, 0), (2, 6), (5, 6)]
Particle
	[2, 1, 4, 6, 5, 7, 8, 0, 3]
	[(6, 2), (7, 1), (8, 5)]
Particle
	[8, 1, 7, 4, 2, 5, 6, 0, 3]
	[(4, 1), (3, 8), (8, 5)]
Particle
	[1, 2, 3, 6, 0, 7, 8, 5, 4]
	[(4, 6), (5, 6), (1, 0)]
Particle
	[1, 7, 5, 0, 2, 4, 3, 8, 6]
	[(1, 8), (8, 3), (8, 6)]
Particle
	[8, 5, 4, 6, 2, 0, 7, 3, 1]
	[(0, 5), (1, 8), (7, 2)]
Particle
	[0, 1, 8, 6, 7, 5, 2, 3, 4]
	[(0, 5), (6, 7), (7, 7)]
Particle
	[8, 3, 6, 0, 2, 4, 1, 5, 7]
	[(8, 0), (3, 8), (2, 0)]
Particle
	[1, 8, 4, 5, 7, 3, 2, 6, 0]
	[(1, 1), (3, 4), (6, 6)]
Particle
	[0, 2, 4, 6, 5, 1, 7, 8, 3]
	[(1, 1), (1, 2), (1, 5)]
Particle
	[3, 0, 6, 4, 1, 5, 7, 8, 2]
	[(1, 7), (6, 8), (5, 2)]
Particle
	[6, 5, 2, 8, 1, 7, 4, 0, 3]
	[(7, 6), (4, 1), (2, 7)]
Particle
	[8, 2, 6, 1, 3, 4, 0, 5, 7]
	[(0, 3), (3, 2), (5, 7)]
Particle
	[5, 4, 8, 3, 1, 7, 2, 0, 6]
	[(2, 6), (2, 2), (8, 0)]
Particle
	[8, 1, 7, 4, 2, 0, 6, 3, 5]
	[(5, 3), (6, 2), (7, 0)]
Particle
	[7, 1, 3, 0, 5, 4, 8, 6, 2]
	[(7, 2), (2, 3), (8, 2)]
Particle
	[6, 4, 8, 5, 7, 2, 1, 0, 3]
	[(2, 5), (8, 6), (4, 2)]
Particle
	[7, 6, 1, 2, 4, 0, 8, 3, 5]
	[(6, 7), (2, 1), (0, 5)]
Particle
	[0, 2, 6, 4, 7, 1, 8, 5, 3]
	[(6, 7), (0, 5), (2, 5)]
Particle
	[0, 4, 8, 3, 2, 5, 7, 1, 6]
	[(8, 0), (6, 7), (8, 1)]
Particle
	[8, 2, 4, 5, 1, 6, 0, 7, 3]
	[(4, 4), (3, 8), (0, 6)]
Particle
	[6, 7, 5, 2, 1, 8, 4, 3, 0]
	[(5, 8), (0, 3), (2, 4)]
Particle
	[5, 4, 1, 7, 6, 8, 3, 0, 2]
	[(5, 7), (4, 2), (0, 1)]
Particle
	[0, 6, 7, 1, 3, 2, 5, 8, 4]
	[(0, 2), (6, 1), (4, 5)]
Particle
	[7, 8, 3, 4, 2, 1, 6, 5, 0]
	[(6, 7), (7, 0), (1, 1)]
Particle
	[0, 3, 5, 4, 1, 6, 2, 8, 7]
	[(0, 2), (3, 8), (5, 3)]
Particle
	[3, 1, 8, 6, 0, 7, 5, 2, 4]
	[(3, 6), (6, 6), (3, 3)]
Particle
	[7, 0, 3, 2, 1, 4, 8, 5, 6]
	[(2, 7), (3, 4), (3, 8)]
Particle
	[3, 7, 1, 8, 5, 4, 6, 2, 0]
	[(8, 5), (7, 5), (8, 4)]
Particle
	[4, 8, 0, 1, 2, 7, 5, 3, 6]
	[(2, 6), (0, 2), (3, 2)]
Particle
	[3, 2, 1, 4, 8, 0, 7, 6, 5]
	[(8, 1), (0, 1), (6, 1)]
Particle
	[4, 0, 7, 2, 8, 6, 3, 1, 5]
	[(8, 1), (4, 7), (6, 4)]
Particle
	[7, 8, 3, 6, 0, 1, 4, 2, 5]
	[(2, 1), (4, 1), (8, 2)]
Particle
	[6, 1, 0, 5, 2, 8, 3, 7, 4]
	[(0, 7), (1, 1), (3, 3)]
Particle
	[6, 3, 7, 2, 0, 5, 1, 4, 8]
	[(1, 2), (7, 3), (0, 3)]
Particle
	[4, 8, 3, 1, 5, 7, 6, 0, 2]
	[(8, 7), (8, 1), (1, 7)]
Particle
	[3, 0, 7, 1, 2, 8, 6, 4, 5]
	[(5, 3), (6, 1), (7, 6)]
Particle
	[4, 7, 2, 5, 1, 0, 8, 3, 6]
	[(7, 3), (0, 0), (0, 6)]
Particle
	[7, 3, 4, 2, 1, 8, 6, 5, 0]
	[(8, 1), (4, 3), (0, 6)]
Particle
	[8, 3, 4, 2, 7, 1, 6, 5, 0]
	[(8, 0), (4, 3), (0, 5)]
Particle
	[7, 1, 6, 0, 8, 3, 5, 4, 2]
	[(1, 1), (6, 0), (4, 8)]
Particle
	[4, 8, 5, 0, 3, 2, 6, 1, 7]
	[(3, 1), (4, 7), (7, 1)]
Particle
	[7, 6, 5, 0, 1, 3, 2, 4, 8]
	[(7, 2), (4, 5), (7, 6)]
Particle
	[6, 7, 8, 5, 0, 4, 2, 3, 1]
	[(6, 0), (5, 8), (3, 3)]
Particle
	[3, 8, 0, 6, 2, 1, 4, 5, 7]
	[(5, 1), (3, 5), (6, 6)]
Particle
	[6, 5, 1, 2, 3, 8, 7, 4, 0]
	[(1, 2), (0, 2), (6, 2)]
Particle
	[1, 8, 5, 6, 7, 2, 0, 4, 3]
	[(5, 5), (0, 2), (5, 7)]
Particle
	[2, 7, 1, 5, 0, 6, 3, 8, 4]
	[(7, 0), (8, 6), (8, 2)]
Particle
	[3, 7, 8, 2, 6, 1, 4, 5, 0]
	[(4, 6), (5, 3), (8, 6)]
Particle
	[5, 4, 0, 1, 7, 3, 2, 6, 8]
	[(6, 5), (2, 2), (5, 0)]
Particle
	[4, 0, 8, 2, 5, 1, 6, 7, 3]
	[(5, 8), (2, 6), (0, 8)]
Particle
	[5, 7, 3, 0, 2, 8, 4, 6, 1]
	[(7, 3), (7, 5), (6, 2)]
Particle
	[1, 4, 2, 8, 3, 6, 7, 0, 5]
	[(2, 6), (5, 3), (4, 1)]
Particle
	[3, 4, 0, 2, 8, 5, 6, 1, 7]
	[(6, 7), (8, 8), (5, 8)]
Particle
	[3, 2, 7, 0, 4, 6, 1, 8, 5]
	[(5, 7), (3, 0), (0, 4)]
Particle
	[5, 1, 0, 6, 3, 8, 2, 7, 4]
	[(7, 8), (0, 8), (2, 4)]
Particle
	[6, 2, 0, 5, 3, 4, 8, 7, 1]
	[(1, 8), (2, 4), (2, 1)]
Particle
	[3, 4, 0, 6, 8, 5, 1, 7, 2]
	[(2, 7), (3, 5), (3, 7)]
Particle
	[3, 2, 0, 4, 1, 6, 8, 7, 5]
	[(7, 3), (6, 6), (5, 8)]
Particle
	[0, 4, 1, 5, 6, 8, 2, 3, 7]
	[(2, 2), (7, 4), (4, 0)]
Particle
	[0, 8, 6, 4, 7, 1, 3, 2, 5]
	[(3, 6), (6, 0), (4, 2)]
Particle
	[8, 4, 7, 3, 2, 1, 0, 6, 5]
	[(8, 6), (3, 0), (5, 7)]
Particle
	[0, 4, 7, 2, 3, 5, 6, 1, 8]
	[(2, 1), (8, 1), (1, 4)]
Particle
	[0, 5, 4, 2, 1, 8, 3, 6, 7]
	[(1, 2), (0, 8), (6, 0)]
Particle
	[5, 7, 4, 1, 2, 6, 0, 3, 8]
	[(0, 6), (1, 1), (2, 0)]
Particle
	[8, 5, 0, 6, 1, 7, 2, 4, 3]
	[(0, 4), (1, 0), (5, 1)]
Particle
	[4, 0, 7, 3, 5, 8, 2, 6, 1]
	[(2, 7), (3, 0), (0, 5)]
Particle
	[5, 2, 1, 8, 7, 4, 6, 3, 0]
	[(5, 7), (1, 4), (4, 4)]
Particle
	[4, 5, 1, 6, 7, 2, 3, 0, 8]
	[(4, 4), (3, 6), (0, 3)]
Particle
	[6, 7, 3, 0, 1, 8, 5, 2, 4]
	[(2, 1), (0, 8), (3, 2)]
Particle
	[8, 7, 0, 4, 6, 2, 3, 5, 1]
	[(5, 4), (0, 1), (5, 8)]
Particle
	[7, 1, 3, 6, 2, 5, 4, 0, 8]
	[(3, 2), (8, 6), (0, 4)]
Particle
	[4, 5, 3, 2, 8, 1, 7, 6, 0]
	[(5, 4), (6, 1), (6, 2)]
Particle
	[5, 7, 1, 6, 3, 0, 8, 2, 4]
	[(0, 5), (3, 0), (2, 2)]
Particle
	[4, 5, 8, 6, 2, 1, 0, 3, 7]
	[(6, 0), (7, 0), (2, 5)]
Particle
	[4, 3, 6, 8, 5, 0, 2, 1, 7]
	[(1, 5), (1, 8), (6, 5)]
Particle
	[4, 6, 0, 2, 3, 7, 5, 1, 8]
	[(0, 7), (2, 5), (5, 7)]
Particle
	[1, 4, 0, 6, 8, 3, 2, 7, 5]
	[(3, 8), (6, 5), (8, 3)]
Particle
	[8, 0, 5, 1, 3, 4, 6, 2, 7]
	[(6, 0), (0, 3), (8, 6)]
Particle
	[3, 2, 5, 0, 1, 6, 7, 8, 4]
	[(6, 6), (5, 7), (7, 6)]
Particle
	[3, 7, 5, 8, 0, 1, 4, 6, 2]
	[(4, 1), (7, 1), (8, 8)]
Particle
	[2, 0, 4, 1, 5, 7, 8, 3, 6]
	[(7, 2), (3, 4), (8, 1)]
Particle
	[7, 3, 1, 8, 5, 2, 6, 4, 0]
	[(3, 7), (7, 3), (3, 8)]
Particle
	[7, 1, 6, 3, 0, 5, 4, 2, 8]
	[(7, 4), (4, 4), (5, 0)]
Particle
	[5, 4, 1, 2, 0, 3, 6, 7, 8]
	[(1, 2), (7, 4), (2, 3)]
Particle
	[5, 3, 8, 4, 6, 1, 7, 0, 2]
	[(6, 6), (6, 5), (0, 2)]
Particle
	[5, 0, 8, 6, 7, 4, 2, 1, 3]
	[(7, 0), (2, 0), (1, 1)]
Particle
	[8, 4, 5, 1, 3, 2, 0, 7, 6]
	[(5, 7), (8, 1), (8, 2)]
Particle
	[3, 6, 2, 1, 5, 8, 7, 0, 4]
	[(0, 1), (7, 2), (6, 2)]
Particle
	[0, 1, 3, 7, 2, 8, 4, 6, 5]
	[(4, 7), (2, 4), (8, 7)]
Particle
	[5, 1, 0, 3, 8, 2, 6, 7, 4]
	[(8, 1), (0, 1), (5, 0)]
Particle
	[4, 1, 2, 3, 5, 0, 6, 7, 8]
	[(0, 5), (7, 6), (2, 0)]
Particle
	[3, 4, 6, 7, 0, 2, 5, 1, 8]
	[(5, 8), (3, 5), (2, 7)]
Particle
	[5, 6, 7, 3, 2, 0, 1, 8, 4]
	[(5, 7), (4, 7), (1, 2)]
Particle
	[5, 2, 4, 3, 0, 8, 1, 7, 6]
	[(6, 5), (7, 3), (8, 8)]
Particle
	[1, 7, 2, 6, 5, 3, 4, 8, 0]
	[(8, 6), (2, 1), (1, 0)]
Particle
	[1, 0, 8, 6, 3, 7, 5, 2, 4]
	[(1, 8), (0, 2), (5, 5)]
Particle
	[8, 4, 6, 7, 5, 2, 1, 3, 0]
	[(2, 0), (7, 8), (0, 4)]
Particle
	[2, 1, 6, 7, 5, 0, 3, 8, 4]
	[(7, 8), (8, 6), (1, 2)]
Particle
	[0, 7, 3, 2, 5, 1, 6, 8, 4]
	[(6, 6), (2, 6), (0, 0)]
Particle
	[5, 2, 7, 3, 1, 0, 6, 8, 4]
	[(8, 1), (3, 4), (0, 1)]
Particle
	[1, 3, 2, 0, 5, 8, 7, 4, 6]
	[(3, 2), (5, 2), (7, 7)]
Particle
	[1, 0, 2, 6, 7, 3, 5, 8, 4]
	[(8, 2), (4, 6), (0, 7)]
Particle
	[5, 2, 4, 0, 7, 8, 6, 1, 3]
	[(1, 6), (6, 4), (5, 3)]
Particle
	[6, 7, 1, 5, 0, 4, 3, 8, 2]
	[(5, 7), (2, 4), (5, 1)]
Particle
	[2, 6, 3, 5, 1, 8, 7, 4, 0]
	[(6, 2), (0, 6), (0, 8)]
Particle
	[2, 7, 6, 4, 1, 5, 8, 0, 3]
	[(7, 7), (8, 1), (6, 4)]
Particle
	[4, 5, 8, 6, 3, 2, 1, 0, 7]
	[(3, 8), (2, 7), (1, 7)]
Particle
	[1, 0, 3, 2, 7, 4, 6, 5, 8]
	[(5, 4), (4, 1), (3, 3)]
Particle
	[0, 4, 5, 1, 7, 3, 8, 2, 6]
	[(3, 5), (1, 5), (2, 2)]
Particle
	[7, 6, 4, 5, 1, 8, 3, 0, 2]
	[(4, 4), (8, 5), (6, 3)]
Particle
	[8, 0, 1, 2, 3, 4, 7, 6, 5]
	[(1, 3), (6, 4), (4, 1)]
Particle
	[3, 6, 2, 5, 7, 4, 0, 1, 8]
	[(4, 3), (0, 7), (2, 5)]
Particle
	[2, 6, 1, 3, 0, 8, 4, 5, 7]
	[(0, 7), (4, 6), (4, 0)]
Particle
	[2, 8, 1, 3, 4, 0, 7, 5, 6]
	[(6, 0), (7, 8), (2, 4)]
Particle
	[6, 3, 2, 1, 4, 5, 0, 7, 8]
	[(3, 3), (4, 1), (3, 4)]
Particle
	[7, 5, 8, 6, 1, 4, 3, 0, 2]
	[(6, 2), (1, 0), (0, 0)]
Particle
	[0, 6, 8, 4, 7, 3, 5, 1, 2]
	[(1, 2), (3, 8), (1, 1)]
Particle
	[4, 2, 0, 5, 3, 6, 8, 1, 7]
	[(2, 1), (7, 4), (2, 6)]
Particle
	[7, 3, 2, 5, 8, 6, 1, 0, 4]
	[(0, 3), (5, 8), (4, 6)]
Particle
	[2, 3, 1, 5, 8, 4, 6, 0, 7]
	[(2, 5), (1, 6), (6, 2)]
Particle
	[5, 6, 7, 0, 8, 1, 2, 4, 3]
	[(2, 8), (3, 6), (3, 5)]
Particle
	[5, 8, 3, 1, 6, 7, 4, 2, 0]
	[(0, 6), (0, 5), (0, 0)]
Particle
	[2, 5, 3, 1, 8, 7, 6, 4, 0]
	[(8, 6), (5, 1), (5, 6)]
Particle
	[0, 3, 7, 5, 4, 1, 8, 6, 2]
	[(0, 5), (2, 2), (5, 8)]
Particle
	[6, 2, 3, 5, 0, 8, 7, 4, 1]
	[(2, 8), (4, 1), (5, 3)]
Particle
	[3, 2, 7, 6, 0, 8, 5, 1, 4]
	[(5, 1), (5, 6), (4, 0)]
Particle
	[1, 4, 7, 3, 2, 0, 8, 5, 6]
	[(4, 5), (4, 4), (1, 0)]
Particle
	[8, 1, 2, 6, 4, 3, 0, 5, 7]
	[(7, 6), (1, 2), (1, 6)]
Particle
	[1, 3, 8, 6, 0, 4, 7, 5, 2]
	[(6, 2), (4, 2), (1, 5)]
Particle
	[4, 6, 5, 0, 1, 3, 2, 8, 7]
	[(7, 8), (6, 8), (2, 7)]
Particle
	[2, 3, 1, 5, 7, 6, 8, 0, 4]
	[(5, 4), (3, 6), (0, 3)]
Particle
	[2, 5, 3, 6, 0, 8, 1, 4, 7]
	[(3, 3), (3, 8), (3, 2)]
Particle
	[4, 5, 7, 3, 2, 6, 8, 0, 1]
	[(2, 8), (8, 4), (5, 4)]
Particle
	[4, 7, 3, 2, 5, 6, 0, 8, 1]
	[(0, 2), (4, 5), (0, 8)]
Particle
	[1, 0, 4, 6, 3, 5, 2, 8, 7]
	[(3, 8), (7, 1), (8, 1)]
Particle
	[8, 4, 6, 0, 7, 5, 2, 1, 3]
	[(7, 0), (3, 2), (3, 7)]
Particle
	[6, 5, 4, 2, 3, 0, 7, 1, 8]
	[(8, 1), (2, 1), (5, 2)]
Particle
	[6, 4, 8, 0, 3, 2, 5, 1, 7]
	[(4, 0), (6, 6), (4, 3)]
Particle
	[3, 1, 0, 4, 2, 5, 8, 6, 7]
	[(2, 2), (4, 3), (0, 0)]
Particle
	[2, 4, 3, 0, 1, 5, 6, 7, 8]
	[(0, 2), (8, 3), (6, 7)]
Particle
	[6, 0, 5, 3, 1, 4, 8, 7, 2]
	[(4, 7), (6, 0), (7, 8)]
Particle
	[3, 4, 5, 2, 6, 1, 8, 7, 0]
	[(6, 8), (4, 0), (4, 7)]
Particle
	[3, 5, 4, 0, 2, 1, 7, 8, 6]
	[(6, 2), (1, 7), (5, 3)]
Particle
	[8, 4, 0, 1, 7, 5, 3, 2, 6]
	[(3, 0), (8, 5), (0, 7)]
Particle
	[5, 1, 7, 2, 4, 3, 6, 8, 0]
	[(4, 1), (1, 4), (0, 1)]
Particle
	[1, 4, 5, 0, 7, 3, 6, 8, 2]
	[(7, 6), (0, 5), (5, 1)]
Particle
	[2, 5, 7, 3, 8, 6, 0, 4, 1]
	[(7, 8), (3, 6), (1, 3)]
Particle
	[2, 5, 1, 8, 3, 0, 6, 4, 7]
	[(4, 7), (3, 8), (7, 6)]
Particle
	[1, 5, 0, 7, 3, 6, 2, 4, 8]
	[(0, 5), (6, 7), (2, 2)]
Particle
	[2, 0, 5, 4, 7, 8, 1, 6, 3]
	[(3, 8), (8, 6), (0, 5)]
Particle
	[3, 4, 8, 6, 5, 0, 2, 1, 7]
	[(0, 5), (4, 1), (4, 8)]
Particle
	[8, 2, 1, 0, 6, 3, 4, 5, 7]
	[(1, 2), (4, 5), (3, 6)]
Particle
	[6, 5, 2, 3, 7, 1, 4, 0, 8]
	[(7, 8), (4, 4), (1, 1)]
Particle
	[5, 3, 4, 7, 0, 1, 8, 2, 6]
	[(3, 4), (7, 6), (1, 8)]
Particle
	[0, 8, 4, 2, 1, 6, 7, 3, 5]
	[(0, 3), (1, 8), (8, 0)]
Particle
	[1, 4, 0, 7, 5, 2, 3, 6, 8]
	[(4, 0), (8, 4), (2, 2)]
Particle
	[7, 6, 8, 4, 3, 1, 5, 0, 2]
	[(5, 6), (8, 4), (6, 4)]
Particle
	[0, 1, 6, 4, 5, 3, 8, 2, 7]
	[(1, 7), (5, 8), (8, 6)]
Particle
	[5, 0, 1, 2, 8, 6, 4, 3, 7]
	[(8, 6), (2, 2), (2, 4)]
Particle
	[2, 0, 1, 6, 4, 5, 7, 8, 3]
	[(1, 5), (7, 8), (5, 0)]
Particle
	[8, 2, 5, 7, 1, 6, 4, 3, 0]
	[(1, 8), (4, 8), (1, 1)]
Particle
	[1, 8, 6, 5, 0, 2, 3, 4, 7]
	[(1, 0), (1, 3), (7, 4)]
Particle
	[6, 3, 8, 1, 2, 7, 0, 4, 5]
	[(0, 7), (0, 1), (1, 2)]
Particle
	[1, 4, 5, 8, 7, 2, 6, 3, 0]
	[(4, 4), (8, 2), (2, 5)]
Particle
	[3, 4, 1, 7, 8, 6, 2, 0, 5]
	[(0, 7), (5, 5), (4, 1)]
Particle
	[7, 6, 2, 5, 0, 8, 1, 4, 3]
	[(4, 0), (1, 1), (3, 7)]
Particle
	[0, 8, 5, 6, 4, 7, 1, 3, 2]
	[(8, 8), (1, 8), (7, 2)]
Particle
	[3, 4, 8, 1, 5, 7, 0, 2, 6]
	[(7, 0), (8, 8), (4, 8)]
Particle
	[3, 4, 2, 7, 8, 0, 1, 6, 5]
	[(5, 1), (5, 0), (1, 7)]
Particle
	[1, 0, 5, 6, 7, 3, 2, 8, 4]
	[(8, 3), (6, 4), (4, 8)]
Particle
	[2, 7, 0, 3, 1, 4, 8, 5, 6]
	[(2, 4), (6, 0), (3, 5)]
Particle
	[4, 0, 2, 7, 8, 3, 1, 6, 5]
	[(8, 7), (2, 8), (6, 3)]
Particle
	[0, 1, 7, 4, 6, 2, 5, 3, 8]
	[(0, 4), (2, 6), (3, 2)]
Particle
	[2, 6, 5, 1, 8, 3, 4, 0, 7]
	[(1, 6), (7, 4), (2, 1)]
Particle
	[6, 2, 8, 5, 1, 0, 3, 4, 7]
	[(1, 5), (6, 7), (0, 6)]
Particle
	[3, 0, 1, 6, 8, 4, 5, 2, 7]
	[(6, 4), (7, 5), (2, 8)]
Particle
	[8, 2, 7, 1, 0, 4, 6, 5, 3]
	[(3, 8), (4, 1), (8, 7)]
Particle
	[1, 7, 0, 4, 8, 3, 5, 6, 2]
	[(3, 5), (4, 0), (2, 1)]
Particle
	[4, 5, 6, 7, 8, 2, 1, 3, 0]
	[(2, 2), (6, 5), (4, 6)]
Particle
	[3, 2, 4, 0, 5, 6, 8, 1, 7]
	[(1, 8), (3, 2), (8, 1)]
Particle
	[7, 2, 4, 8, 5, 6, 3, 0, 1]
	[(1, 3), (5, 2), (1, 7)]
Particle
	[0, 1, 8, 6, 3, 7, 4, 5, 2]
	[(7, 5), (2, 8), (3, 5)]
Particle
	[6, 2, 3, 1, 5, 0, 7, 8, 4]
	[(7, 5), (6, 0), (7, 2)]
Particle
	[0, 4, 7, 1, 2, 3, 5, 8, 6]
	[(8, 5), (2, 2), (5, 7)]
Particle
	[2, 7, 1, 8, 3, 4, 0, 6, 5]
	[(6, 3), (3, 8), (4, 3)]
Particle
	[4, 6, 2, 8, 1, 5, 7, 0, 3]
	[(3, 6), (7, 2), (8, 8)]
Particle
	[1, 6, 5, 8, 3, 2, 7, 4, 0]
	[(2, 4), (6, 0), (1, 8)]
Particle
	[0, 5, 7, 2, 6, 8, 3, 1, 4]
	[(4, 2), (6, 4), (4, 1)]
Particle
	[2, 5, 4, 7, 0, 3, 1, 6, 8]
	[(2, 8), (8, 8), (2, 0)]
Particle
	[6, 5, 7, 8, 3, 0, 4, 2, 1]
	[(3, 2), (6, 5), (7, 5)]
Particle
	[2, 7, 8, 4, 0, 5, 6, 3, 1]
	[(2, 1), (1, 3), (2, 8)]
Particle
	[8, 1, 0, 2, 6, 3, 4, 7, 5]
	[(6, 3), (0, 7), (2, 4)]
Particle
	[4, 3, 2, 1, 0, 7, 5, 8, 6]
	[(7, 0), (0, 2), (8, 1)]
Particle
	[7, 5, 3, 2, 1, 8, 4, 6, 0]
	[(5, 4), (4, 2), (1, 4)]
Particle
	[2, 6, 4, 8, 7, 0, 5, 3, 1]
	[(6, 7), (3, 5), (0, 5)]
Particle
	[6, 5, 8, 4, 7, 3, 0, 2, 1]
	[(1, 8), (2, 0), (7, 5)]
Particle
	[4, 3, 0, 5, 7, 6, 1, 2, 8]
	[(8, 5), (7, 7), (8, 0)]
Particle
	[8, 4, 3, 5, 2, 1, 6, 0, 7]
	[(4, 0), (7, 6), (3, 4)]
Particle
	[8, 5, 6, 7, 1, 3, 0, 2, 4]
	[(6, 4), (8, 5), (1, 7)]
Particle
	[6, 1, 4, 3, 5, 7, 8, 0, 2]
	[(5, 5), (3, 0), (7, 5)]
Particle
	[7, 8, 6, 3, 4, 5, 2, 1, 0]
	[(5, 3), (5, 6), (7, 5)]
Particle
	[8, 3, 7, 2, 1, 5, 4, 0, 6]
	[(3, 0), (0, 5), (3, 6)]
Particle
	[4, 3, 7, 1, 8, 0, 5, 6, 2]
	[(5, 2), (7, 7), (6, 1)]
Particle
	[4, 6, 2, 0, 5, 8, 3, 7, 1]
	[(1, 8), (7, 3), (1, 5)]
Particle
	[7, 4, 6, 3, 5, 2, 8, 0, 1]
	[(4, 0), (6, 4), (3, 6)]
Particle
	[3, 2, 6, 5, 4, 8, 1, 7, 0]
	[(5, 0), (8, 0), (1, 1)]
Particle
	[1, 5, 4, 3, 0, 7, 8, 2, 6]
	[(6, 7), (8, 5), (0, 6)]
Particle
	[1, 4, 8, 7, 6, 2, 3, 0, 5]
	[(3, 5), (6, 0), (8, 0)]
Particle
	[6, 2, 4, 0, 8, 5, 3, 1, 7]
	[(6, 4), (7, 2), (4, 2)]
Particle
	[0, 3, 2, 4, 8, 7, 5, 1, 6]
	[(2, 0), (1, 7), (3, 8)]
Particle
	[2, 8, 5, 4, 6, 1, 0, 3, 7]
	[(5, 6), (4, 3), (3, 7)]
Particle
	[7, 8, 0, 6, 2, 4, 1, 5, 3]
	[(2, 8), (3, 6), (0, 0)]
Particle
	[0, 5, 6, 8, 3, 1, 4, 7, 2]
	[(6, 1), (7, 7), (6, 8)]
Particle
	[4, 7, 0, 3, 8, 5, 1, 6, 2]
	[(3, 0), (6, 3), (7, 5)]
Particle
	[1, 7, 5, 6, 2, 4, 3, 0, 8]
	[(0, 8), (6, 8), (4, 6)]
Particle
	[4, 7, 5, 8, 1, 6, 3, 0, 2]
	[(2, 1), (6, 4), (5, 5)]
Particle
	[3, 8, 7, 5, 0, 2, 1, 4, 6]
	[(3, 4), (5, 6), (6, 8)]
Particle
	[4, 3, 0, 6, 8, 2, 1, 5, 7]
	[(8, 6), (3, 4), (3, 6)]
Particle
	[1, 4, 7, 0, 2, 5, 6, 3, 8]
	[(2, 0), (3, 5), (4, 3)]
Particle
	[3, 0, 8, 2, 5, 7, 4, 6, 1]
	[(4, 2), (6, 3), (4, 8)]
Particle
	[6, 0, 7, 1, 3, 5, 2, 4, 8]
	[(0, 1), (1, 7), (1, 4)]
Particle
	[7, 8, 2, 3, 6, 1, 5, 0, 4]
	[(8, 2), (0, 0), (3, 7)]
Particle
	[1, 2, 6, 0, 4, 3, 7, 5, 8]
	[(0, 7), (8, 7), (7, 4)]
Particle
	[4, 5, 0, 6, 8, 2, 1, 3, 7]
	[(2, 7), (6, 8), (0, 4)]
Particle
	[7, 8, 5, 2, 3, 1, 4, 6, 0]
	[(3, 6), (5, 6), (1, 8)]
Particle
	[0, 6, 2, 8, 5, 7, 4, 3, 1]
	[(2, 0), (3, 7), (0, 7)]
Particle
	[1, 3, 5, 6, 2, 0, 7, 8, 4]
	[(6, 8), (7, 5), (6, 2)]
Particle
	[6, 5, 1, 7, 8, 2, 3, 0, 4]
	[(6, 4), (4, 0), (6, 2)]
Particle
	[4, 1, 6, 8, 3, 5, 2, 0, 7]
	[(2, 1), (1, 8), (8, 6)]
Particle
	[2, 1, 6, 3, 4, 7, 5, 0, 8]
	[(5, 2), (4, 2), (1, 0)]
Particle
	[7, 3, 1, 8, 0, 4, 2, 5, 6]
	[(0, 3), (7, 2), (5, 0)]
Particle
	[3, 2, 6, 7, 8, 4, 1, 0, 5]
	[(4, 5), (0, 1), (3, 6)]
Particle
	[1, 0, 5, 8, 7, 4, 2, 6, 3]
	[(6, 0), (4, 5), (0, 0)]
Particle
	[1, 3, 8, 2, 7, 6, 0, 4, 5]
	[(7, 6), (0, 8), (7, 0)]
Particle
	[7, 2, 6, 3, 0, 8, 5, 1, 4]
	[(4, 6), (5, 2), (2, 1)]
Particle
	[6, 5, 8, 2, 0, 3, 4, 7, 1]
	[(2, 6), (5, 4), (3, 0)]
Particle
	[6, 0, 8, 3, 5, 2, 4, 1, 7]
	[(5, 4), (6, 2), (8, 4)]
Particle
	[1, 5, 7, 6, 3, 2, 4, 0, 8]
	[(6, 7), (1, 6), (7, 6)]
Particle
	[7, 4, 6, 5, 3, 2, 1, 0, 8]
	[(7, 0), (5, 6), (3, 6)]
Particle
	[7, 2, 1, 6, 0, 4, 3, 8, 5]
	[(1, 7), (5, 8), (5, 3)]
Particle
	[8, 7, 6, 1, 2, 5, 0, 4, 3]
	[(2, 3), (2, 8), (5, 4)]
Particle
	[7, 6, 1, 2, 8, 4, 3, 0, 5]
	[(3, 6), (1, 6), (1, 0)]
Particle
	[7, 8, 0, 6, 2, 5, 4, 3, 1]
	[(6, 4), (1, 5), (0, 2)]
Particle
	[7, 5, 8, 3, 1, 6, 2, 0, 4]
	[(1, 4), (0, 5), (0, 7)]
Particle
	[4, 8, 3, 0, 6, 1, 7, 5, 2]
	[(4, 0), (6, 4), (7, 4)]
Particle
	[6, 2, 3, 5, 1, 0, 8, 4, 7]
	[(1, 3), (3, 1), (7, 3)]
Particle
	[5, 7, 1, 0, 3, 2, 4, 8, 6]
	[(7, 3), (0, 8), (5, 2)]
Particle
	[0, 6, 3, 1, 2, 8, 4, 5, 7]
	[(0, 2), (1, 6), (7, 2)]
Particle
	[7, 2, 4, 8, 3, 6, 5, 0, 1]
	[(0, 2), (7, 7), (5, 1)]
Particle
	[1, 4, 0, 3, 2, 7, 6, 5, 8]
	[(8, 2), (6, 2), (0, 3)]
Particle
	[8, 5, 2, 4, 6, 7, 1, 3, 0]
	[(1, 2), (6, 4), (2, 1)]
Particle
	[6, 2, 1, 7, 5, 0, 8, 3, 4]
	[(5, 6), (4, 3), (2, 4)]
Particle
	[1, 3, 4, 2, 6, 7, 5, 8, 0]
	[(1, 7), (8, 6), (4, 5)]
Particle
	[7, 6, 8, 3, 4, 2, 5, 1, 0]
	[(2, 3), (5, 5), (4, 4)]
Particle
	[1, 0, 4, 6, 8, 7, 3, 2, 5]
	[(7, 1), (2, 4), (8, 2)]
Particle
	[4, 3, 7, 1, 2, 8, 0, 5, 6]
	[(6, 0), (3, 2), (0, 3)]
Particle
	[6, 1, 2, 8, 3, 0, 7, 5, 4]
	[(7, 3), (0, 5), (0, 7)]
Particle
	[7, 8, 2, 3, 4, 5, 1, 6, 0]
	[(1, 6), (8, 0), (7, 1)]
Particle
	[6, 3, 8, 5, 2, 0, 4, 1, 7]
	[(8, 8), (6, 3), (0, 3)]
Particle
	[5, 1, 6, 3, 7, 2, 8, 0, 4]
	[(6, 1), (4, 8), (8, 1)]
Particle
	[0, 6, 8, 1, 4, 7, 5, 2, 3]
	[(7, 1), (2, 8), (7, 7)]
Particle
	[8, 4, 6, 7, 2, 3, 5, 1, 0]
	[(0, 2), (6, 3), (7, 1)]
Particle
	[5, 1, 0, 3, 7, 6, 8, 2, 4]
	[(3, 8), (8, 8), (2, 0)]
Particle
	[3, 7, 4, 6, 2, 5, 1, 0, 8]
	[(5, 3), (4, 8), (2, 4)]
Particle
	[4, 1, 6, 2, 8, 7, 0, 3, 5]
	[(0, 2), (3, 3), (0, 7)]
Particle
	[6, 7, 2, 8, 0, 1, 4, 5, 3]
	[(1, 2), (3, 2), (2, 5)]
Particle
	[8, 1, 3, 6, 2, 0, 5, 4, 7]
	[(0, 5), (0, 1), (3, 1)]
Particle
	[4, 2, 5, 0, 8, 1, 3, 7, 6]
	[(3, 5), (0, 2), (7, 7)]
Particle
	[8, 7, 0, 2, 5, 4, 3, 6, 1]
	[(5, 8), (2, 6), (1, 3)]
Particle
	[2, 0, 6, 1, 5, 7, 4, 8, 3]
	[(8, 6), (4, 0), (4, 5)]
Particle
	[3, 2, 8, 0, 4, 7, 1, 5, 6]
	[(3, 3), (8, 3), (5, 4)]
Particle
	[2, 7, 5, 3, 8, 0, 1, 6, 4]
	[(4, 5), (4, 2), (5, 5)]
Particle
	[2, 0, 8, 4, 5, 1, 3, 6, 7]
	[(0, 4), (7, 5), (7, 1)]
Particle
	[5, 7, 6, 4, 2, 3, 0, 8, 1]
	[(3, 1), (6, 7), (3, 3)]
Particle
	[4, 0, 2, 8, 6, 3, 5, 7, 1]
	[(5, 8), (4, 7), (8, 7)]
Particle
	[7, 5, 1, 8, 2, 6, 3, 0, 4]
	[(8, 2), (0, 8), (7, 7)]
Particle
	[4, 3, 2, 6, 8, 5, 1, 0, 7]
	[(5, 7), (2, 7), (7, 2)]
Particle
	[5, 2, 8, 7, 1, 6, 0, 3, 4]
	[(5, 0), (3, 8), (2, 3)]
Particle
	[7, 5, 0, 3, 2, 8, 6, 4, 1]
	[(1, 2), (4, 8), (8, 0)]
Particle
	[4, 7, 8, 5, 0, 3, 2, 6, 1]
	[(4, 0), (0, 2), (3, 3)]
Particle
	[6, 0, 3, 1, 2, 5, 8, 7, 4]
	[(5, 6), (1, 1), (6, 1)]
Particle
	[2, 3, 1, 7, 4, 5, 0, 6, 8]
	[(6, 3), (1, 6), (8, 4)]
Particle
	[7, 2, 6, 4, 5, 1, 8, 0, 3]
	[(0, 2), (4, 8), (6, 4)]
Particle
	[3, 0, 5, 7, 1, 4, 6, 8, 2]
	[(2, 0), (0, 1), (3, 4)]
Particle
	[5, 2, 3, 6, 1, 4, 7, 0, 8]
	[(4, 1), (3, 1), (3, 3)]
Particle
	[5, 0, 3, 4, 8, 1, 7, 2, 6]
	[(2, 2), (1, 3), (5, 4)]
Particle
	[4, 1, 3, 5, 6, 7, 8, 0, 2]
	[(5, 1), (3, 4), (3, 3)]
Particle
	[7, 6, 0, 1, 5, 4, 2, 8, 3]
	[(2, 4), (7, 4), (8, 6)]
Particle
	[6, 4, 8, 2, 7, 1, 5, 3, 0]
	[(4, 3), (1, 4), (4, 8)]
Particle
	[1, 3, 7, 5, 6, 8, 2, 4, 0]
	[(1, 8), (0, 0), (5, 5)]
Particle
	[6, 4, 3, 2, 1, 8, 7, 5, 0]
	[(4, 3), (1, 0), (4, 0)]
Particle
	[1, 4, 2, 3, 8, 7, 5, 6, 0]
	[(8, 0), (3, 1), (3, 2)]
Particle
	[1, 8, 5, 2, 7, 6, 0, 4, 3]
	[(8, 8), (5, 4), (1, 1)]
Particle
	[7, 1, 0, 3, 8, 5, 2, 6, 4]
	[(5, 8), (7, 3), (1, 1)]
Particle
	[7, 6, 3, 4, 0, 8, 2, 1, 5]
	[(5, 6), (6, 0), (6, 2)]
Particle
	[1, 0, 5, 7, 6, 2, 4, 3, 8]
	[(4, 3), (5, 4), (7, 4)]
Particle
	[0, 6, 3, 4, 7, 8, 1, 5, 2]
	[(1, 2), (3, 4), (1, 7)]
Particle
	[5, 3, 6, 8, 2, 1, 7, 4, 0]
	[(8, 7), (6, 6), (2, 2)]
Particle
	[7, 1, 8, 4, 3, 2, 5, 0, 6]
	[(5, 2), (4, 5), (4, 2)]
Particle
	[0, 2, 8, 3, 6, 7, 1, 4, 5]
	[(6, 1), (4, 3), (3, 6)]
Particle
	[8, 0, 1, 5, 4, 6, 3, 7, 2]
	[(6, 3), (4, 8), (3, 8)]
Particle
	[4, 8, 7, 0, 2, 3, 6, 1, 5]
	[(6, 8), (6, 3), (1, 4)]
Particle
	[8, 0, 2, 3, 1, 7, 5, 6, 4]
	[(7, 4), (6, 6), (0, 1)]
Particle
	[6, 4, 3, 8, 1, 7, 0, 5, 2]
	[(6, 0), (5, 6), (7, 5)]
Particle
	[3, 2, 4, 8, 5, 0, 7, 1, 6]
	[(1, 7), (2, 3), (7, 7)]
Particle
	[8, 0, 3, 6, 5, 7, 2, 4, 1]
	[(4, 7), (6, 7), (2, 1)]
Particle
	[8, 3, 4, 6, 0, 1, 5, 7, 2]
	[(7, 1), (8, 8), (1, 4)]
Particle
	[1, 8, 4, 3, 7, 6, 0, 2, 5]
	[(6, 8), (4, 1), (5, 0)]
Particle
	[2, 8, 4, 3, 6, 7, 0, 1, 5]
	[(5, 8), (6, 8), (0, 2)]
Particle
	[2, 7, 1, 8, 3, 5, 4, 6, 0]
	[(7, 2), (5, 3), (3, 7)]
Particle
	[4, 7, 8, 6, 1, 3, 5, 2, 0]
	[(7, 0), (6, 5), (3, 1)]
Particle
	[4, 8, 3, 2, 1, 0, 7, 5, 6]
	[(0, 8), (4, 8), (3, 4)]
Particle
	[3, 0, 8, 6, 4, 1, 7, 5, 2]
	[(6, 7), (4, 5), (7, 4)]
Particle
	[5, 0, 3, 6, 7, 4, 2, 1, 8]
	[(5, 5), (0, 5), (4, 3)]
Particle
	[0, 5, 8, 2, 1, 3, 4, 7, 6]
	[(2, 8), (3, 6), (0, 2)]
Particle
	[6, 0, 5, 2, 8, 4, 3, 7, 1]
	[(1, 8), (0, 0), (5, 5)]
Particle
	[8, 2, 6, 7, 5, 4, 1, 0, 3]
	[(3, 4), (0, 5), (0, 1)]
Particle
	[6, 3, 7, 4, 2, 1, 8, 0, 5]
	[(7, 3), (2, 2), (5, 1)]
Particle
	[6, 5, 8, 1, 7, 4, 0, 2, 3]
	[(1, 2), (0, 3), (1, 0)]
Particle
	[2, 4, 8, 6, 7, 5, 0, 1, 3]
	[(0, 5), (2, 8), (7, 0)]
Particle
	[5, 4, 2, 0, 7, 3, 1, 8, 6]
	[(6, 5), (8, 7), (0, 1)]
Particle
	[1, 8, 0, 7, 6, 5, 4, 2, 3]
	[(4, 7), (7, 3), (2, 3)]
Particle
	[6, 5, 7, 4, 3, 1, 2, 0, 8]
	[(4, 6), (0, 5), (0, 1)]
Particle
	[6, 3, 1, 8, 4, 5, 2, 7, 0]
	[(4, 5), (6, 6), (5, 8)]
Particle
	[1, 5, 8, 7, 2, 0, 4, 3, 6]
	[(2, 1), (1, 4), (1, 0)]
Particle
	[6, 7, 8, 0, 4, 3, 2, 1, 5]
	[(8, 1), (1, 6), (2, 6)]
Particle
	[4, 3, 5, 6, 1, 7, 2, 8, 0]
	[(7, 7), (5, 5), (5, 6)]
Particle
	[0, 1, 4, 7, 2, 6, 3, 8, 5]
	[(7, 4), (8, 5), (3, 7)]
Particle
	[7, 5, 0, 1, 4, 2, 3, 8, 6]
	[(0, 6), (7, 2), (2, 8)]
Particle
	[4, 0, 1, 8, 5, 3, 6, 2, 7]
	[(6, 4), (8, 4), (4, 3)]
Particle
	[7, 2, 4, 3, 8, 5, 0, 1, 6]
	[(2, 7), (5, 7), (1, 2)]
Particle
	[0, 5, 7, 4, 2, 6, 8, 3, 1]
	[(1, 5), (3, 7), (1, 8)]
Particle
	[8, 4, 3, 7, 5, 6, 1, 2, 0]
	[(1, 8), (4, 0), (5, 3)]
Particle
	[4, 0, 1, 6, 5, 7, 3, 2, 8]
	[(8, 0), (2, 6), (3, 1)]
Particle
	[3, 8, 0, 6, 5, 4, 2, 1, 7]
	[(4, 2), (0, 0), (7, 2)]
Particle
	[1, 3, 2, 6, 8, 4, 7, 5, 0]
	[(5, 4), (6, 7), (7, 7)]
Particle
	[1, 8, 5, 4, 0, 6, 7, 2, 3]
	[(2, 4), (1, 4), (7, 6)]
Particle
	[3, 1, 6, 2, 4, 7, 8, 0, 5]
	[(1, 1), (8, 0), (3, 6)]
Particle
	[3, 4, 0, 5, 1, 2, 7, 8, 6]
	[(2, 5), (4, 4), (2, 0)]
Particle
	[2, 0, 1, 7, 5, 3, 6, 8, 4]
	[(7, 1), (5, 6), (5, 8)]
Particle
	[5, 2, 0, 8, 3, 4, 7, 6, 1]
	[(6, 0), (8, 7), (2, 1)]
Particle
	[5, 6, 0, 1, 7, 8, 2, 3, 4]
	[(6, 4), (1, 5), (0, 1)]
Particle
	[3, 0, 1, 6, 8, 7, 2, 5, 4]
	[(4, 7), (7, 0), (3, 7)]
Particle
	[6, 2, 5, 8, 0, 1, 7, 3, 4]
	[(3, 4), (7, 1), (1, 1)]
Particle
	[0, 2, 8, 6, 5, 7, 4, 1, 3]
	[(8, 2), (5, 0), (3, 3)]
Particle
	[3, 5, 2, 6, 1, 8, 0, 7, 4]
	[(2, 7), (1, 2), (3, 6)]
Particle
	[4, 3, 6, 1, 2, 7, 5, 0, 8]
	[(1, 8), (2, 5), (7, 7)]
Particle
	[7, 4, 5, 0, 1, 3, 2, 8, 6]
	[(4, 3), (1, 5), (7, 5)]
Particle
	[1, 4, 5, 6, 8, 3, 0, 2, 7]
	[(3, 5), (5, 0), (5, 7)]
Particle
	[4, 7, 8, 5, 2, 0, 1, 3, 6]
	[(2, 6), (0, 5), (8, 3)]
Particle
	[4, 0, 7, 5, 1, 3, 2, 6, 8]
	[(3, 4), (6, 3), (8, 4)]
Particle
	[6, 7, 0, 5, 3, 4, 1, 8, 2]
	[(5, 5), (1, 2), (7, 4)]
Particle
	[0, 3, 7, 6, 4, 5, 1, 8, 2]
	[(6, 8), (0, 1), (6, 2)]
Particle
	[2, 6, 0, 8, 7, 4, 3, 1, 5]
	[(2, 3), (7, 3), (0, 6)]
Particle
	[8, 2, 4, 0, 6, 5, 7, 1, 3]
	[(3, 2), (7, 8), (5, 2)]
Particle
	[8, 1, 4, 2, 6, 5, 0, 3, 7]
	[(8, 2), (5, 3), (3, 1)]
Particle
	[0, 3, 4, 1, 6, 2, 8, 7, 5]
	[(4, 5), (8, 4), (7, 5)]
Particle
	[2, 5, 8, 6, 1, 0, 4, 7, 3]
	[(4, 6), (2, 4), (2, 0)]
Particle
	[0, 8, 3, 2, 5, 4, 7, 1, 6]
	[(7, 6), (3, 2), (2, 6)]
Particle
	[8, 3, 2, 0, 5, 4, 7, 6, 1]
	[(0, 8), (4, 8), (0, 3)]
Particle
	[6, 5, 2, 4, 8, 7, 0, 3, 1]
	[(2, 6), (0, 8), (0, 5)]
Particle
	[2, 7, 5, 4, 6, 8, 0, 3, 1]
	[(8, 1), (3, 1), (0, 3)]
Particle
	[5, 2, 0, 4, 6, 8, 1, 7, 3]
	[(7, 1), (6, 6), (0, 4)]
Particle
	[2, 3, 8, 0, 7, 6, 1, 5, 4]
	[(0, 7), (2, 7), (6, 6)]
Particle
	[0, 4, 8, 3, 7, 6, 2, 1, 5]
	[(8, 6), (1, 5), (2, 0)]
Particle
	[5, 1, 3, 0, 7, 2, 6, 8, 4]
	[(8, 6), (4, 6), (4, 5)]
Particle
	[4, 1, 6, 8, 5, 3, 0, 2, 7]
	[(4, 7), (6, 5), (0, 1)]
Particle
	[6, 3, 2, 5, 0, 7, 1, 8, 4]
	[(7, 4), (1, 4), (6, 7)]
Particle
	[1, 4, 5, 7, 3, 0, 2, 8, 6]
	[(5, 8), (1, 8), (2, 7)]
Particle
	[3, 5, 6, 0, 7, 1, 4, 2, 8]
	[(2, 3), (3, 1), (2, 5)]
Particle
	[2, 3, 6, 0, 8, 1, 5, 7, 4]
	[(0, 1), (5, 6), (2, 8)]
Particle
	[5, 1, 8, 3, 0, 6, 2, 4, 7]
	[(2, 5), (8, 4), (6, 0)]
Particle
	[4, 8, 7, 5, 0, 1, 2, 3, 6]
	[(0, 5), (6, 8), (0, 1)]
Particle
	[0, 1, 5, 4, 8, 2, 3, 6, 7]
	[(8, 4), (0, 8), (0, 7)]
Particle
	[1, 7, 0, 8, 2, 3, 4, 5, 6]
	[(4, 6), (3, 0), (1, 3)]
Particle
	[7, 3, 6, 5, 4, 8, 0, 2, 1]
	[(6, 7), (8, 8), (5, 0)]
Particle
	[0, 5, 7, 6, 1, 2, 4, 8, 3]
	[(3, 4), (5, 4), (0, 6)]
Particle
	[4, 6, 0, 3, 7, 2, 5, 1, 8]
	[(8, 0), (1, 4), (4, 6)]
Particle
	[1, 7, 2, 4, 6, 0, 8, 3, 5]
	[(3, 0), (7, 7), (6, 3)]
Particle
	[0, 5, 3, 7, 6, 1, 8, 2, 4]
	[(2, 0), (2, 7), (1, 3)]
Particle
	[4, 0, 8, 5, 6, 1, 2, 7, 3]
	[(3, 8), (5, 1), (4, 7)]
Particle
	[3, 6, 1, 0, 7, 4, 2, 8, 5]
	[(5, 5), (2, 8), (2, 2)]
Particle
	[4, 2, 0, 7, 6, 5, 8, 1, 3]
	[(4, 2), (1, 5), (2, 5)]
Particle
	[3, 2, 4, 8, 6, 0, 1, 7, 5]
	[(1, 4), (7, 1), (4, 5)]
Particle
	[2, 1, 4, 5, 8, 7, 0, 3, 6]
	[(6, 2), (0, 4), (7, 6)]
Particle
	[1, 6, 3, 7, 8, 2, 5, 0, 4]
	[(8, 8), (0, 6), (6, 8)]
Particle
	[0, 3, 1, 2, 6, 4, 5, 7, 8]
	[(3, 2), (3, 6), (4, 1)]
Particle
	[1, 7, 8, 3, 5, 6, 4, 0, 2]
	[(2, 4), (8, 2), (8, 3)]
Particle
	[5, 1, 2, 8, 4, 6, 3, 7, 0]
	[(5, 5), (0, 4), (4, 3)]
Particle
	[6, 0, 1, 2, 4, 5, 8, 7, 3]
	[(5, 1), (4, 8), (5, 5)]
Particle
	[4, 2, 7, 8, 6, 0, 5, 3, 1]
	[(8, 7), (1, 6), (7, 5)]
Particle
	[3, 8, 2, 7, 1, 5, 4, 6, 0]
	[(0, 0), (6, 4), (4, 8)]
Particle
	[0, 5, 1, 8, 3, 6, 2, 7, 4]
	[(6, 0), (2, 8), (0, 1)]
Particle
	[0, 5, 7, 4, 8, 2, 1, 3, 6]
	[(4, 8), (7, 7), (3, 7)]
Particle
	[3, 0, 1, 6, 2, 8, 4, 7, 5]
	[(7, 8), (5, 4), (7, 3)]
Particle
	[4, 7, 6, 5, 0, 2, 8, 1, 3]
	[(2, 2), (0, 3), (5, 1)]
Particle
	[2, 3, 1, 7, 0, 6, 5, 4, 8]
	[(1, 8), (4, 0), (0, 6)]
Particle
	[4, 8, 2, 1, 5, 3, 6, 7, 0]
	[(2, 6), (0, 5), (7, 6)]
Particle
	[3, 4, 6, 7, 8, 0, 2, 1, 5]
	[(3, 4), (8, 4), (5, 4)]
Particle
	[1, 7, 5, 4, 0, 6, 3, 2, 8]
	[(8, 0), (7, 4), (3, 2)]
Particle
	[7, 5, 2, 3, 6, 0, 4, 1, 8]
	[(4, 7), (8, 2), (4, 0)]
Particle
	[0, 7, 4, 2, 5, 8, 6, 1, 3]
	[(5, 1), (7, 1), (5, 2)]
Particle
	[1, 4, 0, 6, 8, 3, 5, 2, 7]
	[(6, 8), (0, 0), (6, 4)]
Particle
	[0, 2, 1, 4, 8, 6, 7, 3, 5]
	[(3, 8), (6, 1), (3, 6)]
Particle
	[2, 3, 7, 4, 0, 8, 1, 6, 5]
	[(3, 0), (3, 2), (7, 1)]
Particle
	[6, 1, 2, 4, 8, 7, 0, 5, 3]
	[(6, 6), (0, 3), (5, 8)]
Particle
	[8, 0, 4, 5, 7, 3, 1, 2, 6]
	[(8, 1), (1, 6), (0, 5)]
Particle
	[7, 5, 6, 4, 2, 8, 1, 3, 0]
	[(1, 3), (3, 6), (1, 0)]
Particle
	[4, 3, 1, 5, 2, 8, 0, 6, 7]
	[(7, 8), (6, 2), (5, 1)]
Particle
	[0, 7, 2, 4, 5, 3, 6, 8, 1]
	[(3, 6), (2, 2), (7, 2)]
Particle
	[2, 1, 0, 4, 5, 6, 7, 8, 3]
	[(7, 6), (4, 3), (7, 5)]
Particle
	[6, 3, 0, 4, 2, 7, 1, 5, 8]
	[(1, 7), (7, 0), (0, 5)]
Particle
	[5, 3, 0, 1, 8, 2, 6, 7, 4]
	[(6, 3), (8, 2), (0, 8)]
Particle
	[4, 3, 0, 1, 5, 7, 6, 8, 2]
	[(4, 1), (4, 7), (0, 3)]
Particle
	[3, 7, 8, 2, 6, 0, 4, 5, 1]
	[(8, 6), (1, 6), (6, 2)]
Particle
	[5, 4, 3, 7, 1, 6, 2, 8, 0]
	[(4, 8), (6, 5), (6, 8)]
Particle
	[7, 5, 6, 1, 4, 3, 0, 8, 2]
	[(1, 1), (8, 7), (8, 5)]
Particle
	[0, 5, 7, 4, 3, 1, 8, 2, 6]
	[(0, 2), (5, 5), (8, 3)]
Particle
	[3, 5, 2, 1, 8, 6, 4, 0, 7]
	[(6, 0), (6, 3), (7, 0)]
Particle
	[7, 5, 8, 4, 1, 0, 2, 6, 3]
	[(7, 1), (7, 2), (3, 3)]
Particle
	[2, 8, 5, 6, 3, 4, 1, 7, 0]
	[(1, 3), (6, 0), (4, 5)]
Particle
	[7, 5, 2, 1, 8, 0, 4, 6, 3]
	[(4, 1), (8, 3), (2, 1)]
Particle
	[1, 4, 3, 6, 2, 0, 5, 7, 8]
	[(8, 8), (0, 6), (4, 8)]
Particle
	[6, 4, 8, 3, 2, 5, 1, 7, 0]
	[(6, 8), (7, 8), (3, 4)]
Particle
	[8, 5, 6, 2, 4, 1, 0, 7, 3]
	[(4, 4), (3, 2), (5, 1)]
Particle
	[5, 0, 2, 8, 7, 3, 4, 1, 6]
	[(6, 0), (6, 4), (6, 3)]
Particle
	[2, 6, 3, 0, 5, 1, 7, 4, 8]
	[(0, 4), (4, 6), (3, 5)]
Particle
	[3, 6, 1, 0, 5, 2, 8, 7, 4]
	[(5, 7), (1, 7), (2, 4)]
Particle
	[5, 7, 3, 6, 0, 4, 8, 2, 1]
	[(2, 4), (0, 1), (7, 8)]
Particle
	[8, 1, 2, 5, 7, 0, 6, 4, 3]
	[(6, 3), (7, 6), (3, 3)]
Particle
	[2, 4, 0, 8, 5, 3, 6, 1, 7]
	[(6, 5), (8, 0), (8, 1)]
Particle
	[7, 6, 4, 1, 0, 8, 3, 5, 2]
	[(2, 8), (7, 1), (2, 4)]
Particle
	[5, 4, 2, 1, 3, 6, 0, 8, 7]
	[(5, 6), (3, 0), (2, 3)]
Particle
	[7, 5, 1, 4, 6, 2, 8, 0, 3]
	[(7, 8), (8, 1), (1, 8)]
Particle
	[7, 2, 4, 8, 5, 0, 6, 1, 3]
	[(7, 3), (4, 5), (4, 4)]
Particle
	[3, 6, 1, 5, 0, 4, 2, 7, 8]
	[(4, 2), (5, 5), (0, 2)]
Particle
	[4, 7, 3, 5, 2, 6, 8, 1, 0]
	[(8, 2), (4, 6), (2, 6)]
Particle
	[5, 4, 3, 0, 7, 2, 1, 6, 8]
	[(5, 5), (0, 7), (6, 1)]
Particle
	[7, 5, 0, 2, 8, 6, 1, 4, 3]
	[(7, 4), (8, 5), (7, 6)]
Particle
	[1, 0, 2, 8, 3, 5, 6, 4, 7]
	[(3, 5), (5, 6), (0, 2)]
Particle
	[5, 4, 8, 6, 0, 1, 2, 3, 7]
	[(6, 2), (1, 8), (7, 5)]
Particle
	[0, 4, 1, 7, 8, 6, 2, 3, 5]
	[(3, 4), (5, 6), (0, 4)]
Particle
	[8, 2, 5, 4, 6, 0, 1, 7, 3]
	[(3, 0), (2, 2), (6, 6)]
Particle
	[5, 4, 0, 3, 8, 7, 6, 2, 1]
	[(5, 4), (6, 4), (3, 2)]
Particle
	[2, 7, 6, 4, 5, 3, 1, 0, 8]
	[(6, 3), (7, 2), (8, 3)]
Particle
	[4, 7, 3, 2, 5, 6, 1, 0, 8]
	[(6, 7), (1, 2), (1, 8)]
Particle
	[7, 5, 8, 3, 0, 1, 6, 4, 2]
	[(6, 8), (4, 0), (5, 6)]
Particle
	[4, 7, 1, 5, 8, 2, 0, 3, 6]
	[(3, 7), (6, 7), (0, 2)]
Particle
	[8, 0, 6, 3, 5, 7, 2, 4, 1]
	[(7, 1), (6, 5), (0, 3)]
Particle
	[7, 0, 6, 8, 4, 5, 1, 3, 2]
	[(7, 1), (4, 8), (6, 5)]
Particle
	[4, 3, 1, 0, 2, 7, 8, 5, 6]
	[(6, 6), (7, 1), (7, 5)]
Particle
	[4, 3, 6, 2, 1, 8, 0, 7, 5]
	[(1, 0), (6, 6), (4, 7)]
Particle
	[8, 2, 3, 7, 0, 4, 5, 6, 1]
	[(8, 8), (7, 7), (4, 8)]
Particle
	[1, 3, 0, 2, 7, 8, 4, 5, 6]
	[(8, 3), (3, 8), (0, 7)]
Particle
	[6, 7, 4, 3, 5, 2, 8, 1, 0]
	[(3, 1), (7, 0), (8, 7)]
Particle
	[3, 2, 6, 0, 8, 7, 4, 5, 1]
	[(0, 4), (6, 4), (7, 5)]
Particle
	[1, 7, 3, 4, 6, 0, 2, 8, 5]
	[(4, 5), (7, 6), (7, 8)]
Particle
	[4, 8, 5, 0, 6, 7, 1, 3, 2]
	[(5, 7), (5, 1), (3, 5)]
Particle
	[4, 5, 7, 3, 0, 6, 1, 2, 8]
	[(4, 5), (4, 8), (2, 2)]
Particle
	[0, 2, 1, 6, 7, 3, 5, 4, 8]
	[(7, 7), (6, 4), (1, 4)]
Particle
	[6, 1, 7, 4, 5, 8, 2, 0, 3]
	[(4, 0), (2, 2), (2, 5)]
Particle
	[4, 7, 3, 8, 6, 0, 1, 5, 2]
	[(7, 3), (4, 3), (7, 7)]
Particle
	[0, 3, 4, 8, 7, 5, 1, 2, 6]
	[(0, 6), (1, 4), (4, 1)]
Particle
	[5, 1, 6, 7, 3, 0, 4, 8, 2]
	[(8, 0), (2, 1), (4, 4)]
Particle
	[4, 6, 0, 8, 5, 2, 1, 3, 7]
	[(1, 6), (5, 8), (1, 4)]
Particle
	[2, 6, 7, 8, 1, 3, 4, 0, 5]
	[(0, 4), (7, 4), (4, 6)]
Particle
	[0, 6, 8, 7, 3, 4, 5, 2, 1]
	[(6, 5), (2, 0), (8, 3)]
Particle
	[0, 6, 8, 5, 2, 4, 3, 1, 7]
	[(4, 6), (4, 3), (7, 3)]
Particle
	[1, 4, 8, 2, 6, 3, 7, 5, 0]
	[(1, 3), (0, 5), (3, 4)]
Particle
	[2, 4, 5, 0, 1, 3, 6, 8, 7]
	[(1, 8), (8, 5), (2, 5)]
Particle
	[6, 8, 2, 7, 0, 3, 5, 1, 4]
	[(0, 7), (2, 0), (5, 5)]
Particle
	[7, 5, 6, 4, 0, 8, 3, 1, 2]
	[(0, 6), (7, 6), (4, 3)]
Particle
	[0, 2, 3, 5, 4, 7, 1, 8, 6]
	[(6, 5), (6, 1), (7, 3)]
Particle
	[0, 7, 8, 6, 1, 5, 2, 4, 3]
	[(1, 6), (7, 8), (5, 5)]
Particle
	[2, 3, 6, 1, 7, 0, 4, 8, 5]
	[(1, 8), (4, 5), (7, 5)]
Particle
	[1, 4, 0, 8, 5, 3, 2, 6, 7]
	[(3, 7), (7, 0), (3, 2)]
Particle
	[5, 6, 2, 3, 0, 8, 4, 1, 7]
	[(0, 1), (0, 5), (5, 1)]
Particle
	[2, 1, 3, 4, 0, 6, 7, 8, 5]
	[(1, 3), (0, 8), (7, 8)]
Particle
	[2, 8, 6, 7, 5, 3, 0, 1, 4]
	[(5, 0), (1, 1), (1, 0)]
Particle
	[8, 5, 7, 1, 4, 0, 3, 6, 2]
	[(2, 4), (3, 0), (2, 2)]
Particle
	[8, 3, 4, 1, 5, 7, 0, 2, 6]
	[(3, 8), (8, 7), (1, 6)]
Particle
	[5, 6, 3, 0, 4, 2, 7, 8, 1]
	[(4, 6), (6, 7), (0, 7)]
Particle
	[3, 1, 5, 8, 7, 2, 4, 0, 6]
	[(2, 8), (4, 2), (7, 2)]
Particle
	[2, 7, 8, 5, 4, 3, 0, 6, 1]
	[(1, 2), (3, 7), (7, 4)]
Particle
	[5, 0, 3, 6, 2, 8, 7, 4, 1]
	[(4, 0), (6, 7), (0, 5)]
Particle
	[6, 4, 2, 5, 1, 3, 8, 7, 0]
	[(2, 7), (5, 4), (0, 3)]
Particle
	[4, 5, 7, 1, 0, 8, 6, 2, 3]
	[(1, 1), (3, 2), (7, 0)]
Particle
	[7, 2, 1, 0, 6, 5, 4, 8, 3]
	[(3, 1), (3, 7), (8, 7)]
Particle
	[1, 5, 4, 6, 7, 3, 0, 8, 2]
	[(7, 1), (6, 5), (1, 5)]
Gbest (422.8796549394316, [7, 2, 1, 0, 6, 5, 4, 8, 3])
Times 159 306 585
(231.76342506476146, [3, 1, 0, 6, 7, 5, 2, 8, 4])
[1.0, 0.9995, 0.9990000000000001, 0.9985000000000002, 0.9980000000000002, 0.9975000000000003, 0.9970000000000003, 0.9965000000000004, 0.9960000000000004, 0.9955000000000005, 0.9950000000000006, 0.9945000000000006, 0.9940000000000007, 0.9935000000000007, 0.9930000000000008, 0.9925000000000008, 0.9920000000000009, 0.9915000000000009, 0.991000000000001, 0.990500000000001, 0.9900000000000011, 0.9895000000000012, 0.9890000000000012, 0.9895000000000012, 0.9900000000000011, 0.990500000000001, 0.991000000000001, 0.9915000000000009, 0.9920000000000009, 0.9925000000000008, 0.9930000000000008, 0.9935000000000007, 0.9940000000000007, 0.9945000000000006, 0.9950000000000006, 0.9955000000000005, 0.9960000000000004, 0.9965000000000004, 0.9970000000000003, 0.9975000000000003, 0.9980000000000002, 0.9985000000000002, 0.9990000000000001, 0.9995, 1.0, 1.0005, 1.001, 1.0014999999999998, 1.0019999999999998, 1.0024999999999997, 1.0029999999999997, 1.0024999999999997, 1.0019999999999998, 1.0014999999999998, 1.001, 1.0005, 1.0, 0.9995, 0.9990000000000001, 0.9985000000000002, 0.9980000000000002, 0.9975000000000003, 0.9970000000000003, 0.9965000000000004, 0.9960000000000004, 0.9955000000000005, 0.9950000000000006, 0.9945000000000006, 0.9940000000000007, 0.9935000000000007, 0.9930000000000008, 0.9935000000000007, 0.9940000000000007, 0.9945000000000006, 0.9950000000000006, 0.9955000000000005, 0.9960000000000004, 0.9965000000000004, 0.9970000000000003, 0.9975000000000003, 0.9980000000000002, 0.9985000000000002, 0.9990000000000001, 0.9995, 1.0, 1.0005, 1.001, 1.0014999999999998, 1.0019999999999998, 1.0024999999999997, 1.0029999999999997, 1.0034999999999996, 1.0039999999999996, 1.0044999999999995, 1.0049999999999994, 1.0054999999999994, 1.0059999999999993, 1.0064999999999993, 1.0069999999999992, 1.0074999999999992]
[0.8, 0.798, 0.796, 0.794, 0.792, 0.79, 0.788, 0.786, 0.784, 0.782, 0.78, 0.778, 0.776, 0.774, 0.772, 0.77, 0.768, 0.766, 0.764, 0.762, 0.76, 0.758, 0.756, 0.758, 0.76, 0.762, 0.764, 0.766, 0.768, 0.77, 0.772, 0.774, 0.776, 0.778, 0.78, 0.782, 0.784, 0.786, 0.788, 0.79, 0.792, 0.794, 0.796, 0.798, 0.8, 0.802, 0.804, 0.806, 0.808, 0.81, 0.812, 0.81, 0.808, 0.806, 0.804, 0.802, 0.8, 0.798, 0.796, 0.794, 0.792, 0.79, 0.788, 0.786, 0.784, 0.782, 0.78, 0.778, 0.776, 0.774, 0.772, 0.774, 0.776, 0.778, 0.78, 0.782, 0.784, 0.786, 0.788, 0.79, 0.792, 0.794, 0.796, 0.798, 0.8, 0.802, 0.804, 0.806, 0.808, 0.81, 0.812, 0.8140000000000001, 0.8160000000000001, 0.8180000000000001, 0.8200000000000001, 0.8220000000000001, 0.8240000000000001, 0.8260000000000001, 0.8280000000000001, 0.8300000000000001]
[0.2, 0.202, 0.20400000000000001, 0.20600000000000002, 0.20800000000000002, 0.21000000000000002, 0.21200000000000002, 0.21400000000000002, 0.21600000000000003, 0.21800000000000003, 0.22000000000000003, 0.22200000000000003, 0.22400000000000003, 0.22600000000000003, 0.22800000000000004, 0.23000000000000004, 0.23200000000000004, 0.23400000000000004, 0.23600000000000004, 0.23800000000000004, 0.24000000000000005, 0.24200000000000005, 0.24400000000000005, 0.24200000000000005, 0.24000000000000005, 0.23800000000000004, 0.23600000000000004, 0.23400000000000004, 0.23200000000000004, 0.23000000000000004, 0.22800000000000004, 0.22600000000000003, 0.22400000000000003, 0.22200000000000003, 0.22000000000000003, 0.21800000000000003, 0.21600000000000003, 0.21400000000000002, 0.21200000000000002, 0.21000000000000002, 0.20800000000000002, 0.20600000000000002, 0.20400000000000001, 0.202, 0.2, 0.198, 0.196, 0.194, 0.192, 0.19, 0.188, 0.19, 0.192, 0.194, 0.196, 0.198, 0.2, 0.202, 0.20400000000000001, 0.20600000000000002, 0.20800000000000002, 0.21000000000000002, 0.21200000000000002, 0.21400000000000002, 0.21600000000000003, 0.21800000000000003, 0.22000000000000003, 0.22200000000000003, 0.22400000000000003, 0.22600000000000003, 0.22800000000000004, 0.22600000000000003, 0.22400000000000003, 0.22200000000000003, 0.22000000000000003, 0.21800000000000003, 0.21600000000000003, 0.21400000000000002, 0.21200000000000002, 0.21000000000000002, 0.20800000000000002, 0.20600000000000002, 0.20400000000000001, 0.202, 0.2, 0.198, 0.196, 0.194, 0.192, 0.19, 0.188, 0.186, 0.184, 0.182, 0.18, 0.178, 0.176, 0.174, 0.172, 0.16999999999999998]

Process finished with exit code 0

